14,0,0
14,30034408,0
14,7116784400,1380
14,7405122224,2760
14,14493459591,5520
14,14581795204,8280
14,14670130832,11040
14,14758466452,13800
14,14995940165,20700
14,15083128582,23460
14,15371467144,24840
14,16658644050,26220
14,17946968886,27600
14,18234920482,28980
14,18583287454,34500
14,18671623221,37260
14,18758811775,40020
14,18840264255,42780
14,18922863936,45540
14,19007758070,48300
14,19096093866,51060
14,19269323794,59340
14,19354217939,62100
14,19442553734,64860
14,19530889534,67620
14,19619225352,70380
14,19871622666,74520
14,20128590326,80040
14,20215778934,82800
14,20304114777,85560
14,20592453815,86940
14,20838718712,93840
14,20924760127,96600
14,21011948765,99360
14,21096935770,102120
14,21384170878,103500
14,21726811577,104880
14,21805960428,110400
14,21890854664,113160
14,21979190569,115920
14,22067526465,118680
14,22148979040,121440
14,22229284419,124200
14,22316473106,126960
14,22404809011,129720
14,22575802871,138000
14,22620122442,140760
14,22672893659,143520
14,22729106510,146280
14,22792202556,149040
14,22847268194,151800
14,22908069832,154560
14,22965429876,157320
14,22967724279,160080
14,23031967507,162840
14,23034261928,165600
14,23103093976,168360
14,23105388382,171120
14,23176514838,173880
14,23178809220,176640
14,23252230101,179400
14,23254524502,182160
14,23330239766,184920
14,23332534168,187680
14,23334828550,190440
14,23412838219,193200
14,23415132640,195960
14,23417427042,198720
14,23493142310,201480
14,23495436713,204240
14,23497731114,207000
14,23570004762,209760
14,23572299183,212520
14,23574593587,215280
14,23651456059,218040
14,23653750461,220800
14,23656044843,223560
14,23726024113,226320
14,23728318535,229080
14,23730612938,231840
14,23732907320,234600
14,23808622616,237360
14,23810916998,240120
14,23813211421,242880
14,23815505822,245640
14,23882043472,248400
14,23884337895,251160
14,23886632297,253920
14,23888926680,256680
14,23958905955,259440
14,23961200377,262200
14,23963494779,264960
14,23965789162,267720
14,24039210063,270480
14,24041504464,273240
14,24043798848,276000
14,24046093265,278760
14,24119514152,281520
14,24121808536,284280
14,24124102952,287040
14,24126397361,289800
14,24128691763,292560
14,24191787816,295320
14,24194082232,298080
14,24196376640,300840
14,24198671044,303600
14,24200965427,306360
14,24265208722,309120
14,24267503123,311880
14,24269797508,314640
14,24272091924,317400
14,24274386332,320160
14,24336335207,322920
14,24338629610,325680
14,24340923994,328440
14,24343218416,331200
14,24345512818,333960
14,24410903277,336720
14,24413197702,339480
14,24415492104,342240
14,24417786487,345000
14,24420080905,347760
14,24422375313,350520
14,24492354600,353280
14,24494649004,356040
14,24496943386,358800
14,24499237810,361560
14,24501532211,364320
14,24503826596,367080
14,24565775475,369840
14,24568069877,372600
14,24570364300,375360
14,24572658704,378120
14,24574953086,380880
14,24577247509,383640
14,24639196391,386400
14,24641490794,389160
14,24643785177,391920
14,24646079594,394680
14,24648374002,397440
14,24650668406,400200
14,24713764470,402960
14,24716058872,405720
14,24718353295,408480
14,24720647699,411240
14,24722942082,414000
14,24725236506,416760
14,24790626994,419520
14,24792921377,422280
14,24795215801,425040
14,24797510203,427800
14,24799804587,430560
14,24802099005,433320
14,24804393413,436080
14,24874372711,438840
14,24876667113,441600
14,24878961496,444360
14,24881255920,447120
14,24883550322,449880
14,24885844707,452640
14,24888139130,455400
14,24951235219,458160
14,24953529621,460920
14,24955824006,463680
14,24958118424,466440
14,24960412831,469200
14,24962707236,471960
14,24965001618,474720
14,25021214520,477480
14,25023508923,480240
14,25025803306,483000
14,25028097724,485760
14,25030392133,488520
14,25032686536,491280
14,25034980919,494040
14,25092341024,496800
14,25094635427,499560
14,25096929810,502320
14,25099224234,505080
14,25101518637,507840
14,25103813022,510600
14,25106107439,513360
14,25108401847,516120
14,25170350740,518880
14,25172645144,521640
14,25174939527,524400
14,25177233951,527160
14,25179528353,529920
14,25181822739,532680
14,25184117156,535440
14,25186411564,538200
14,25252949245,540960
14,25255243669,543720
14,25257538073,546480
14,25259832456,549240
14,25262126874,552000
14,25264421282,554760
14,25266715687,557520
14,25269010070,560280
14,25335547793,563040
14,25337842178,565800
14,25340136601,568560
14,25342431004,571320
14,25344725408,574080
14,25347019792,576840
14,25349314215,579600
14,25351608619,582360
14,25410115906,585120
14,25412410314,587880
14,25414704719,590640
14,25416999102,593400
14,25419293526,596160
14,25421587929,598920
14,25423882313,601680
14,25426176737,604440
14,25428471139,607200
14,25484684031,609960
14,25486978414,612720
14,25489272837,615480
14,25491567240,618240
14,25493861626,621000
14,25496156050,623760
14,25498450452,626520
14,25500744856,629280
14,25503039240,632040
14,25562693757,634800
14,25564988141,637560
14,25567282566,640320
14,25569576968,643080
14,25571871351,645840
14,25574165778,648600
14,25576460180,651360
14,25578754564,654120
14,25581048967,656880
14,25639556284,659640
14,25641850669,662400
14,25644145092,665160
14,25646439495,667920
14,25648733901,670680
14,25651028283,673440
14,25653322707,676200
14,25655617111,678960
14,25657911495,681720
14,25717566014,684480
14,25719860400,687240
14,25722154824,690000
14,25724449228,692760
14,25726743631,695520
14,25729038015,698280
14,25731332439,701040
14,25733626843,703800
14,25735921227,706560
14,25799017334,709320
14,25801311758,712080
14,25803606164,714840
14,25805900548,717600
14,25808194971,720360
14,25810489374,723120
14,25812783759,725880
14,25815078163,728640
14,25817372587,731400
14,25819666990,734160
14,25886204707,736920
14,25888059631,739680
14,25891509892,741060
14,25892657095,742440
14,25896098686,743820
14,25897245903,745200
14,25899540307,746580
14,25979145348,749340
14,25983725519,752100
14,26034202411,753480
14,26042232825,754860
14,26045674431,756240
14,26050263240,757620
14,26051401802,781080
14,26057137812,783840
14,26119086704,785220
14,26123675533,786600
14,26128264341,787980
14,26130558745,790740
14,26135147555,793500
14,26201685278,796260
14,26206274087,799020
14,26208568491,801780
14,26213157300,804540
14,26283136632,807300
14,26287725439,810060
14,26290019823,812820
14,26294608653,815580
14,26361146379,818340
14,26365735188,821100
14,26368029572,823860
14,26372618402,826620
14,26442597736,829380
14,26447186546,832140
14,26449480950,834900
14,26454069739,837660
14,26527490702,840420
14,26532079492,843180
14,26534373917,845940
14,26538962707,848700
14,26541257131,851460
14,26607794843,854220
14,26612383672,856980
14,26614678077,859740
14,26619266886,862500
14,26621561289,865260
14,26674332598,868020
14,26678921387,870780
14,26681215812,873540
14,26685804601,876300
14,26688099004,879060
14,26745459142,881820
14,26750047932,884580
14,26752342357,887340
14,26758078348,890100
14,26760372774,892860
14,26822321701,895620
14,26826910490,898380
14,26829204916,901140
14,26836088108,903900
14,26838382534,906660
14,26901478666,909420
14,26906067456,912180
14,26908361882,914940
14,26910656286,917700
14,26917539500,920460
14,26919833885,923220
14,26985224445,925980
14,26989813234,928740
14,26992107638,931500
14,26994402064,934260
14,27001285279,937020
14,27003579683,939780
14,27067823002,942540
14,27072411833,945300
14,27074706237,948060
14,27077000622,950820
14,27083883836,953580
14,27086178263,956340
14,27141243982,959100
14,27143538386,961860
14,27145832772,964620
14,27148127191,967380
14,27150421602,970140
14,27152716007,972900
14,27207781709,975660
14,27210076113,978420
14,27212370538,981180
14,27214664943,983940
14,27216959328,986700
14,27219253754,989460
14,27221548158,992220
14,27277761063,994980
14,27280055468,997740
14,27282349895,1000500
14,27284644300,1003260
14,27286938684,1006020
14,27289233110,1008780
14,27291527515,1011540
14,27350034826,1014300
14,27352329250,1017060
14,27354623658,1019820
14,27356918042,1022580
14,27359212467,1025340
14,27361506871,1028100
14,27363801257,1030860
14,27426897400,1033620
14,27429191827,1036380
14,27431486231,1039140
14,27433780617,1041900
14,27436075022,1044660
14,27438369448,1047420
14,27440663852,1050180
14,27506054382,1052940
14,27508348808,1055700
14,27510643213,1058460
14,27512937599,1061220
14,27515232025,1063980
14,27517526429,1066740
14,27519820815,1069500
14,27589800178,1072260
14,27592094582,1075020
14,27594389008,1077780
14,27596683415,1080540
14,27598977799,1083300
14,27601272226,1086060
14,27603566630,1088820
14,27605861016,1091580
14,27672398793,1094340
14,27674693198,1097100
14,27676987583,1099860
14,27679282010,1102620
14,27681576414,1105380
14,27683870800,1108140
14,27686165226,1110900
14,27688459630,1113660
14,27754997369,1116420
14,27757291796,1119180
14,27759586200,1121940
14,27761880586,1124700
14,27764175013,1127460
14,27766469418,1130220
14,27768763803,1132980
14,27771058207,1135740
14,27838743173,1138500
14,27841037577,1141260
14,27843332004,1144020
14,27845626408,1146780
14,27847920795,1149540
14,27850215222,1152300
14,27852509626,1155060
14,27854804011,1157820
14,27914458577,1160580
14,27916752963,1163340
14,27919047367,1166100
14,27921341794,1168860
14,27923636200,1171620
14,27925930585,1174380
14,27928225012,1177140
14,27930519416,1179900
14,27932813803,1182660
14,27992468368,1185420
14,27994762755,1188180
14,27997057159,1190940
14,27999351586,1193700
14,28001645992,1196460
14,28003940376,1199220
14,28006234804,1201980
14,28008529209,1204740
14,28010823595,1207500
14,28073919753,1210260
14,28076214179,1213020
14,28078508583,1215780
14,28080802971,1218540
14,28083097375,1221300
14,28085391801,1224060
14,28087686207,1226820
14,28089980592,1229580
14,28092275019,1232340
14,28156518381,1235100
14,28158812767,1237860
14,28161107171,1240620
14,28163401598,1243380
14,28165696005,1246140
14,28167990389,1248900
14,28170284816,1251660
14,28172579221,1254420
14,28174873607,1257180
14,28233380977,1259940
14,28235675383,1262700
14,28237969769,1265460
14,28240264195,1268220
14,28242558601,1270980
14,28244852986,1273740
14,28247147413,1276500
14,28249441819,1279260
14,28251736225,1282020
14,28254030609,1284780
14,28311390778,1287540
14,28313685184,1290300
14,28315979569,1293060
14,28318273996,1295820
14,28320568401,1298580
14,28322862788,1301340
14,28325157214,1304100
14,28327451620,1306860
14,28329746005,1309620
14,28332040410,1312380
14,28392842170,1315140
14,28395136590,1317900
14,28397431002,1320660
14,28399725408,1323420
14,28402019794,1326180
14,28404314221,1328940
14,28406608625,1331700
14,28408903012,1334460
14,28411197439,1337220
14,28413491844,1339980
14,28477735213,1342740
14,28480029599,1345500
14,28482324026,1348260
14,28484618432,1351020
14,28486912818,1353780
14,28489207245,1356540
14,28491501649,1359300
14,28493796036,1362060
14,28496090442,1364820
14,28498384868,1367580
14,28560333834,1370340
14,28562628239,1373100
14,28564922625,1375860
14,28567217053,1378620
14,28569511458,1381380
14,28571805844,1384140
14,28574100249,1386900
14,28576394676,1389660
14,28578689083,1392420
14,28580983468,1395180
14,28636049216,1397940
14,28638343643,1400700
14,28640638049,1403460
14,28645226863,1406220
14,28647521268,1408980
14,28649815653,1411740
14,28652110059,1414500
14,28654404486,1417260
14,28656698893,1420020
14,28658993278,1422780
14,28661287705,1425540
14,28706028607,1428300
14,28708323034,1431060
14,28710617438,1433820
14,28715206253,1436580
14,28717500658,1439340
14,28719795045,1442100
14,28722089449,1444860
14,28724383877,1447620
14,28726678284,1450380
14,28728972669,1453140
14,28731267096,1455900
14,28777155222,1458660
14,28779449628,1461420
14,28781744015,1464180
14,28786332847,1466940
14,28788627252,1469700
14,28790921638,1472460
14,28793216066,1475220
14,28795510472,1477980
14,28797804857,1480740
14,28800099263,1483500
14,28802393691,1486260
14,28851723427,1489020
14,28854017813,1491780
14,28856312240,1494540
14,28860901032,1497300
14,28863195460,1500060
14,28865489865,1502820
14,28867784253,1505580
14,28870078657,1508340
14,28872373084,1511100
14,28874667491,1513860
14,28876961877,1516620
14,28923997207,1519380
14,28926291635,1522140
14,28928586041,1524900
14,28933174855,1527660
14,28935469260,1530420
14,28937763648,1533180
14,28940058053,1535940
14,28942352481,1538700
14,28944646886,1541460
14,28946941272,1544220
14,28949235700,1546980
14,28951530106,1549740
14,29000859825,1552500
14,29003154252,1555260
14,29005448658,1558020
14,29010037449,1560780
14,29012331878,1563540
14,29014626284,1566300
14,29016920670,1569060
14,29019215097,1571820
14,29021509502,1574580
14,29023803891,1577340
14,29026098296,1580100
14,29028392722,1582860
14,29081164073,1585620
14,29083458479,1588380
14,29085752866,1591140
14,29090341699,1593900
14,29092636104,1596660
14,29094930491,1599420
14,29097224920,1602180
14,29099519326,1604940
14,29101813712,1607700
14,29104108117,1610460
14,29106402544,1613220
14,29108696952,1615980
14,29166057095,1618740
14,29168351522,1621500
14,29170645928,1624260
14,29175234743,1627020
14,29177529149,1629780
14,29179823536,1632540
14,29182117941,1635300
14,29184412369,1638060
14,29186706776,1640820
14,29189001162,1643580
14,29191295589,1646340
14,29193589995,1649100
14,29250950141,1651860
14,29253244569,1654620
14,29255538974,1657380
14,29260127768,1660140
14,29262422195,1662900
14,29264716601,1665660
14,29267010988,1668420
14,29269305416,1671180
14,29271599821,1673940
14,29273894208,1676700
14,29276188636,1679460
14,29278483043,1682220
14,29280777429,1684980
14,29336990393,1687740
14,29339284820,1690500
14,29341579226,1693260
14,29346168041,1696020
14,29348462446,1698780
14,29350756834,1701540
14,29353051240,1704300
14,29355345667,1707060
14,29357640073,1709820
14,29359934460,1712580
14,29362228888,1715340
14,29364523295,1718100
14,29366817681,1720860
14,29419589057,1723620
14,29421883444,1726380
14,29424177872,1729140
14,29428766665,1731900
14,29431061071,1734660
14,29433355499,1737420
14,29435649904,1740180
14,29437944292,1742940
14,29440238720,1745700
14,29442533125,1748460
14,29444827512,1751220
14,29447121917,1753980
14,29449416346,1756740
14,29496451687,1759500
14,29498746073,1762260
14,29501040478,1765020
14,29505629313,1767780
14,29507923700,1770540
14,29510218128,1773300
14,29512512534,1776060
14,29514806921,1778820
14,29517101327,1781580
14,29519395755,1784340
14,29521690161,1787100
14,29523984549,1789860
14,29526278976,1792620
14,29574461520,1795380
14,29576755909,1798140
14,29579050314,1800900
14,29583639148,1803660
14,29585933534,1806420
14,29588227963,1809180
14,29590522369,1811940
14,29592816756,1814700
14,29595111163,1817460
14,29597405590,1820220
14,29599699998,1822980
14,29601994384,1825740
14,29604288812,1828500
14,29606583217,1831260
14,29652471357,1834020
14,29654765745,1836780
14,29657060150,1839540
14,29661648984,1842300
14,29663943372,1845060
14,29666237800,1847820
14,29668532206,1850580
14,29670826593,1853340
14,29673120999,1856100
14,29675415427,1858860
14,29677709834,1861620
14,29680004220,1864380
14,29682298648,1867140
14,29684593055,1869900
14,29733922785,1872660
14,29736217214,1875420
14,29738511620,1878180
14,29743100414,1880940
14,29745394842,1883700
14,29747689250,1886460
14,29749983635,1889220
14,29752278063,1891980
14,29754572469,1894740
14,29756866857,1897500
14,29759161286,1900260
14,29761455691,1903020
14,29763750078,1905780
14,29766044484,1908540
14,29818815848,1911300
14,29821110254,1914060
14,29823404684,1916820
14,29827993476,1919580
14,29830287904,1922340
14,29832582310,1925100
14,29834876699,1927860
14,29837171127,1930620
14,29839465532,1933380
14,29841759919,1936140
14,29844054325,1938900
14,29846348755,1941660
14,29848643160,1944420
14,29850937548,1947180
14,29903708932,1949940
14,29906003319,1952700
14,29908297748,1955460
14,29912886541,1958220
14,29915180969,1960980
14,29917475375,1963740
14,29919769764,1966500
14,29922064169,1969260
14,29924358598,1972020
14,29926653004,1974780
14,29928947391,1977540
14,29931241820,1980300
14,29933536225,1983060
14,29935830614,1985820
14,29979424371,1988580
14,29981718778,1991340
14,29984013165,1994100
14,29986307593,1996860
14,29990896386,1999620
14,29993190815,2002380
14,29995485222,2005140
14,29997779610,2007900
14,30000074015,2010660
14,30002368443,2013420
14,30004662850,2016180
14,30006957237,2018940
14,30009251666,2021700
14,30011546072,2024460
14,30013840460,2027220
14,30058581421,2029980
14,30060875809,2032740
14,30063170238,2035500
14,30065464643,2038260
14,30070053438,2041020
14,30072347866,2043780
14,30074642272,2046540
14,30076936660,2049300
14,30079231088,2052060
14,30081525494,2054820
14,30083819883,2057580
14,30086114288,2060340
14,30088408717,2063100
14,30090703125,2065860
14,30092997511,2068620
14,30140032862,2071380
14,30142327290,2074140
14,30144621696,2076900
14,30146916084,2079660
14,30151504918,2082420
14,30153799306,2085180
14,30156093713,2087940
14,30158388141,2090700
14,30160682549,2093460
14,30162976934,2096220
14,30165271363,2098980
14,30167565770,2101740
14,30169860158,2104500
14,30172154570,2107260
14,30174448993,2110020
14,30223778732,2112780
14,30226073138,2115540
14,30228367566,2118300
14,30230661973,2121060
14,30235250790,2123820
14,30237545196,2126580
14,30239839583,2129340
14,30242133990,2132100
14,30244428419,2134860
14,30246722825,2137620
14,30249017213,2140380
14,30251311641,2143140
14,30253606049,2145900
14,30255900435,2148660
14,30258194864,2151420
14,30307524624,2154180
14,30309819012,2156940
14,30312113418,2159700
14,30314407846,2162460
14,30318996640,2165220
14,30321291071,2167980
14,30323585476,2170740
14,30325879864,2173500
14,30328174293,2176260
14,30330468699,2179020
14,30332763087,2181780
14,30335057493,2184540
14,30337351922,2187300
14,30339646329,2190060
14,30341940717,2192820
14,30344235145,2195580
14,30393564906,2198340
14,30395859294,2201100
14,30398153707,2203860
14,30400448129,2206620
14,30405036923,2209380
14,30407331352,2212140
14,30409625758,2214900
14,30411920146,2217660
14,30414214576,2220420
14,30416508982,2223180
14,30418803370,2225940
14,30421097776,2228700
14,30423392205,2231460
14,30425686613,2234220
14,30427980999,2236980
14,30430275428,2239740
14,30469280358,2242500
14,30471574763,2245260
14,30473869152,2248020
14,30476163565,2250780
14,30480752376,2253540
14,30483046782,2256300
14,30485341211,2259060
14,30487635617,2261820
14,30489930006,2264580
14,30492224434,2267340
14,30494518841,2270100
14,30496813228,2272860
14,30499107635,2275620
14,30501402064,2278380
14,30503696472,2281140
14,30505990858,2283900
14,30535818159,2286660
14,30538112565,2289420
14,30540406994,2292180
14,30542701402,2294940
14,30548437421,2297700
14,30550731809,2300460
14,30553026215,2303220
14,30555320645,2305980
14,30557615051,2308740
14,30559909438,2311500
14,30562203867,2314260
14,30564498274,2317020
14,30566792662,2319780
14,30569087069,2322540
14,30571381498,2325300
14,30573675905,2328060
14,30603503205,2330820
14,30605797593,2333580
14,30608092000,2336340
14,30610386429,2339100
14,30614975223,2341860
14,30617269653,2344620
14,30619564059,2347380
14,30621858448,2350140
14,30624152860,2352900
14,30626447283,2355660
14,30628741672,2358420
14,30631036077,2361180
14,30633330507,2363940
14,30635624912,2366700
14,30637919301,2369460
14,30640213730,2372220
14,30642508137,2374980
14,30673482642,2377740
14,30675777030,2380500
14,30678071436,2383260
14,30680365866,2386020
14,30684954660,2388780
14,30687249089,2391540
14,30689543496,2394300
14,30691837884,2397060
14,30694132290,2399820
14,30696426720,2402580
14,30698721128,2405340
14,30701015514,2408100
14,30703309944,2410860
14,30705604350,2413620
14,30707898738,2416380
14,30710193167,2419140
14,30712487574,2421900
14,30743462079,2424660
14,30745756467,2427420
14,30748050875,2430180
14,30750345303,2432940
14,30754934098,2435700
14,30757228527,2438460
14,30759522935,2441220
14,30761817323,2443980
14,30764111729,2446740
14,30766406158,2449500
14,30768700566,2452260
14,30770994953,2455020
14,30773289383,2457780
14,30775583790,2460540
14,30777878176,2463300
14,30780172607,2466060
14,30782467013,2468820
14,30814588723,2471580
14,30816883112,2474340
14,30819177540,2477100
14,30821471947,2479860
14,30826060742,2482620
14,30828355171,2485380
14,30830649578,2488140
14,30832943966,2490900
14,30835238395,2493660
14,30837532802,2496420
14,30839827191,2499180
14,30842121596,2501940
14,30844416026,2504700
14,30846710434,2507460
14,30849004821,2510220
14,30851299251,2512980
14,30853593657,2515740
14,30888009755,2518500
14,30890304185,2521260
14,30892598592,2524020
14,30894892980,2526780
14,30899481816,2529540
14,30901776205,2532300
14,30904070611,2535060
14,30906365040,2537820
14,30908659447,2540580
14,30910953836,2543340
14,30913248264,2546100
14,30915542672,2548860
14,30917837060,2551620
14,30920131466,2554380
14,30922425896,2557140
14,30924720303,2559900
14,30927014691,2562660
14,30929309120,2565420
14,30963725240,2568180
14,30966019627,2570940
14,30968314056,2573700
14,30970608463,2576460
14,30975197280,2579220
14,30977491688,2581980
14,30979786076,2584740
14,30982080482,2587500
14,30984374911,2590260
14,30986669318,2593020
14,30988963707,2595780
14,30991258137,2598540
14,30993552542,2601300
14,30995846931,2604060
14,30998141339,2606820
14,31000435768,2609580
14,31002730176,2612340
14,31005024562,2615100
14,31040587908,2617860
14,31042882297,2620620
14,31045176725,2623380
14,31047471132,2626140
14,31052059928,2628900
14,31054354358,2631660
14,31056648764,2634420
14,31058943151,2637180
14,31061237582,2639940
14,31063531989,2642700
14,31065826377,2645460
14,31068120784,2648220
14,31070415212,2650980
14,31072709621,2653740
14,31075004009,2656500
14,31077298438,2659260
14,31079592845,2662020
14,31081887233,2664780
14,31120892171,2667540
14,31123186601,2670300
14,31125481007,2673060
14,31127775396,2675820
14,31132364232,2678580
14,31134658639,2681340
14,31136953028,2684100
14,31139247457,2686860
14,31141541864,2689620
14,31143836253,2692380
14,31146130658,2695140
14,31148425089,2697900
14,31150719497,2700660
14,31153013884,2703420
14,31155308314,2706180
14,31157602721,2708940
14,31159897110,2711700
14,31162191539,2714460
14,31202343681,2717220
14,31204638088,2719980
14,31206932477,2722740
14,31209226905,2725500
14,31213815702,2728260
14,31216110109,2731020
14,31218404538,2733780
14,31220698946,2736540
14,31222993334,2739300
14,31225287764,2742060
14,31227582171,2744820
14,31229876559,2747580
14,31232170972,2750340
14,31234465395,2753100
14,31236759784,2755860
14,31239054190,2758620
14,31241348620,2761380
14,31243643028,2764140
14,31245937416,2766900
14,31286089559,2769660
14,31288383989,2772420
14,31290678396,2775180
14,31292972785,2777940
14,31297561621,2780700
14,31299856010,2783460
14,31302150417,2786220
14,31304444847,2788980
14,31306739234,2791740
14,31309033641,2794500
14,31311328073,2797260
14,31313622479,2800020
14,31315916867,2802780
14,31318211297,2805540
14,31320505704,2808300
14,31322800093,2811060
14,31325094499,2813820
14,31327388929,2816580
14,31329683335,2819340
14,31372129869,2822100
14,31374424299,2824860
14,31376718707,2827620
14,31379013095,2830380
14,31383601932,2833140
14,31385896320,2835900
14,31388190751,2838660
14,31390485158,2841420
14,31392779545,2844180
14,31395073952,2846940
14,31397368383,2849700
14,31399662791,2852460
14,31401957178,2855220
14,31404251608,2857980
14,31406546015,2860740
14,31408840405,2863500
14,31411134811,2866260
14,31413429241,2869020
14,31415723648,2871780
14,31430637303,2874540
14,31432931691,2877300
14,31435226120,2880060
14,31437520527,2882820
14,31439814916,2885580
14,31442109324,2888340
14,31445550957,2891100
14,31452434183,2893860
14,31457022978,2896620
14,31459317408,2899380
14,31461611815,2902140
14,31463906204,2904900
14,31466200634,2907660
14,31468495041,2910420
14,31470789429,2913180
14,31473083836,2915940
14,31475378267,2918700
14,31477672673,2921460
14,31479967062,2924220
14,31491439125,2926980
14,31493733514,2929740
14,31496027921,2932500
14,31498322351,2935260
14,31500616758,2938020
14,31502911147,2940780
14,31506352780,2943540
14,31515530412,2946300
14,31517824802,2949060
14,31520119209,2951820
14,31522413638,2954580
14,31524708046,2957340
14,31527002434,2960100
14,31529296864,2962860
14,31531591271,2965620
14,31533885661,2968380
14,31536180075,2971140
14,31538474497,2973900
14,31540768887,2976660
14,31552240950,2979420
14,31554535357,2982180
14,31556829746,2984940
14,31559124152,2987700
14,31561418583,2990460
14,31563712991,2993220
14,31566007379,2995980
14,31569449011,2998740
14,31578626644,3001500
14,31580921033,3004260
14,31583215464,3007020
14,31585509870,3009780
14,31587804260,3012540
14,31590098667,3015300
14,31592393097,3018060
14,31594687504,3020820
14,31596981893,3023580
14,31599276323,3026340
14,31601570730,3029100
14,31603865120,3031860
14,31617631589,3034620
14,31619925978,3037380
14,31622220408,3040140
14,31624514815,3042900
14,31626809204,3045660
14,31629103612,3048420
14,31631398042,3051180
14,31635986837,3053940
14,31646311696,3056700
14,31648606104,3059460
14,31650900493,3062220
14,31653194923,3064980
14,31655489330,3067740
14,31657783720,3070500
14,31660078127,3073260
14,31662372557,3076020
14,31664666963,3078780
14,31666961352,3081540
14,31669255783,3084300
14,31671550190,3087060
14,31687611049,3089820
14,31689905438,3092580
14,31692199869,3095340
14,31694494275,3098100
14,31696788664,3100860
14,31699083071,3103620
14,31701377502,3106380
14,31704819094,3109140
14,31718585564,3111900
14,31720879954,3114660
14,31723174368,3117420
14,31725468791,3120180
14,31727763180,3122940
14,31730057587,3125700
14,31732352017,3128460
14,31734646424,3131220
14,31736940813,3133980
14,31739235244,3136740
14,31741529651,3139500
14,31743824040,3142260
14,31761032103,3145020
14,31763326533,3147780
14,31765620941,3150540
14,31767915330,3153300
14,31770209759,3156060
14,31772504168,3158820
14,31774798556,3161580
14,31779387394,3164340
14,31790859417,3167100
14,31793153830,3169860
14,31795448253,3172620
14,31797742642,3175380
14,31800037050,3178140
14,31802331480,3180900
14,31804625887,3183660
14,31806920276,3186420
14,31809214706,3189180
14,31811509114,3191940
14,31813803503,3194700
14,31816097909,3197460
14,31833305998,3200220
14,31835600405,3202980
14,31837894793,3205740
14,31840189223,3208500
14,31842483630,3211260
14,31844778021,3214020
14,31847072428,3216780
14,31849366858,3219540
14,31853955653,3222300
14,31866574921,3225060
14,31868869311,3227820
14,31871163725,3230580
14,31873458148,3233340
14,31875752537,3236100
14,31878046944,3238860
14,31880341375,3241620
14,31882635782,3244380
14,31884930171,3247140
14,31887224601,3249900
14,31889519008,3252660
14,31891813398,3255420
14,31907874258,3258180
14,31910168673,3260940
14,31912463095,3263700
14,31914757485,3266460
14,31917051892,3269220
14,31919346322,3271980
14,31921640731,3274740
14,31923935119,3277500
14,31929671160,3280260
14,31943437614,3283020
14,31945732004,3285780
14,31948026411,3288540
14,31950320841,3291300
14,31952615247,3294060
14,31954909638,3296820
14,31957204068,3299580
14,31959498475,3302340
14,31961792864,3305100
14,31964087272,3307860
14,31966381702,3310620
14,31968676109,3313380
14,31987031360,3316140
14,31989325790,3318900
14,31991620197,3321660
14,31993914586,3324420
14,31996209017,3327180
14,31998503424,3329940
14,32000797813,3332700
14,32003092221,3335460
14,32007681058,3338220
14,32024889105,3340980
14,32027183519,3343740
14,32029477944,3346500
14,32031772333,3349260
14,32034066740,3352020
14,32036361170,3354780
14,32038655577,3357540
14,32040949967,3360300
14,32043244397,3363060
14,32045538805,3365820
14,32047833194,3368580
14,32050127601,3371340
14,32070777282,3374100
14,32073071690,3376860
14,32075366120,3379620
14,32077660528,3382380
14,32079954917,3385140
14,32082249347,3387900
14,32084543754,3390660
14,32086838144,3393420
14,32089132551,3396180
14,32107487844,3398940
14,32109782233,3401700
14,32112076640,3404460
14,32114371071,3407220
14,32116665478,3409980
14,32118959867,3412740
14,32121254298,3415500
14,32123548706,3418260
14,32125843095,3421020
14,32128137503,3423780
14,32130431934,3426540
14,32132726341,3429300
14,32155670429,3432060
14,32157964818,3434820
14,32160259250,3437580
14,32162553657,3440340
14,32164848046,3443100
14,32167142454,3445860
14,32169436883,3448620
14,32171731273,3451380
14,32174025681,3454140
14,32187792135,3456900
14,32190086542,3459660
14,32192380973,3462420
14,32194675382,3465180
14,32196969770,3467940
14,32199264201,3470700
14,32201558609,3473460
14,32203852997,3476220
14,32206147406,3478980
14,32208441836,3481740
14,32210736224,3484500
14,32213030633,3487260
14,32215325064,3490020
14,32235974722,3492780
14,32238269154,3495540
14,32240563561,3498300
14,32242857950,3501060
14,32245152357,3503820
14,32247446787,3506580
14,32249741177,3509340
14,32252035585,3512100
14,32254330015,3514860
14,32265802039,3517620
14,32268096446,3520380
14,32270390879,3523140
14,32272685286,3525900
14,32274979675,3528660
14,32277274106,3531420
14,32279568513,3534180
14,32281862903,3536940
14,32284157318,3539700
14,32286451741,3542460
14,32288746130,3545220
14,32291040537,3547980
14,32293334969,3550740
14,32315131833,3553500
14,32317426263,3556260
14,32319720671,3559020
14,32322015060,3561780
14,32324309491,3564540
14,32326603899,3567300
14,32328898288,3570060
14,32331192703,3572820
14,32333487125,3575580
14,32347253581,3578340
14,32349547989,3581100
14,32351842378,3583860
14,32354136786,3586620
14,32356431215,3589380
14,32358725626,3592140
14,32361020013,3594900
14,32363314444,3597660
14,32365608852,3600420
14,32367903241,3603180
14,32370197673,3605940
14,32372492080,3608700
14,32374786470,3611460
14,32398877764,3614220
14,32401172180,3616980
14,32403466603,3619740
14,32405760992,3622500
14,32408055400,3625260
14,32410349829,3628020
14,32412644238,3630780
14,32414938627,3633540
14,32417233058,3636300
14,32426410694,3639060
14,32428705102,3641820
14,32430999490,3644580
14,32433293921,3647340
14,32435588330,3650100
14,32437882719,3652860
14,32440177133,3655620
14,32442471557,3658380
14,32444765946,3661140
14,32447060355,3663900
14,32449354785,3666660
14,32451649193,3669420
14,32453943582,3672180
14,32480329309,3674940
14,32482623716,3677700
14,32484918106,3680460
14,32487212536,3683220
14,32489506945,3685980
14,32491801334,3688740
14,32494095742,3691500
14,32496390172,3694260
14,32498684581,3697020
14,32509009401,3699780
14,32511303832,3702540
14,32513598240,3705300
14,32515892629,3708060
14,32518187044,3710820
14,32520481467,3713580
14,32522775858,3716340
14,32525070265,3719100
14,32527364697,3721860
14,32529659104,3724620
14,32531953494,3727380
14,32534247925,3730140
14,32536542333,3732900
14,32538836722,3735660
14,32565222448,3738420
14,32567516857,3741180
14,32569811246,3743940
14,32572105654,3746700
14,32574400085,3749460
14,32576694493,3752220
14,32578988882,3754980
14,32581283313,3757740
14,32583577722,3760500
14,32592755340,3763260
14,32595049747,3766020
14,32597344177,3768780
14,32599638585,3771540
14,32601932975,3774300
14,32604227406,3777060
14,32606521813,3779820
14,32608816204,3782580
14,32611110611,3785340
14,32613405042,3788100
14,32615699450,3790860
14,32617993839,3793620
14,32620288271,3796380
14,32622582679,3799140
14,32647821161,3801900
14,32650115568,3804660
14,32652409999,3807420
14,32654704408,3810180
14,32656998796,3812940
14,32659293228,3815700
14,32661587635,3818460
14,32663882026,3821220
14,32666176441,3823980
14,32675354093,3826740
14,32677648500,3829500
14,32679942890,3832260
14,32682237321,3835020
14,32684531728,3837780
14,32686826119,3840540
14,32689120526,3843300
14,32691414958,3846060
14,32693709366,3848820
14,32696003755,3851580
14,32698298187,3854340
14,32700592594,3857100
14,32702886984,3859860
14,32705181399,3862620
14,32731567120,3865380
14,32733861510,3868140
14,32736155917,3870900
14,32738450349,3873660
14,32740744739,3876420
14,32743039147,3879180
14,32745333578,3881940
14,32747627986,3884700
14,32749922375,3887460
14,32752216807,3890220
14,32754511215,3892980
14,32756805604,3895740
14,32759100011,3898500
14,32761394441,3901260
14,32763688851,3904020
14,32765983239,3906780
14,32768277671,3909540
14,32770572079,3912300
14,32772866468,3915060
14,32775160884,3917820
14,32777455308,3920580
14,32779749697,3923340
14,32782044105,3926100
14,32810724244,3928860
14,32813018631,3931620
14,32815313063,3934380
14,32817607471,3937140
14,32819901861,3939900
14,32822196276,3942660
14,32824490700,3945420
14,32826785089,3948180
14,32829079498,3950940
14,32831373929,3953700
14,32833668336,3956460
14,32835962726,3959220
14,32838257157,3961980
14,32840551566,3964740
14,32842845955,3967500
14,32845140364,3970260
14,32847434794,3973020
14,32849729184,3975780
14,32852023593,3978540
14,32854318023,3981300
14,32856612431,3984060
14,32858906821,3986820
14,32861201235,3989580
14,32863495660,3992340
14,32894470188,3995100
14,32896764579,3997860
14,32899058986,4000620
14,32901353417,4003380
14,32903647826,4006140
14,32905942215,4008900
14,32908236647,4011660
14,32910531055,4014420
14,32912825445,4017180
14,32915119852,4019940
14,32917414284,4022700
14,32919708692,4025460
14,32922003081,4028220
14,32924297512,4030980
14,32926591920,4033740
14,32928886310,4036500
14,32931180725,4039260
14,32933475150,4042020
14,32935769539,4044780
14,32938063947,4047540
14,32940358379,4050300
14,32942652787,4053060
14,32944947176,4055820
14,32947241607,4058580
14,32978216136,4061340
14,32980510544,4064100
14,32982804934,4066860
14,32985099343,4069620
14,32987393774,4072380
14,32989688181,4075140
14,32991982571,4077900
14,32994277003,4080660
14,32996571412,4083420
14,32998865800,4086180
14,33001160216,4088940
14,33003454640,4091700
14,33005749030,4094460
14,33008043438,4097220
14,33010337869,4099980
14,33012632277,4102740
14,33014926666,4105500
14,33017221098,4108260
14,33019515507,4111020
14,33021809896,4113780
14,33024104304,4116540
14,33026398735,4119300
14,33028693144,4122060
14,33030987534,4124820
14,33061962064,4127580
14,33064256495,4130340
14,33066550902,4133100
14,33068845292,4135860
14,33071139701,4138620
14,33073434132,4141380
14,33075728521,4144140
14,33078022929,4146900
14,33080317361,4149660
14,33082611770,4152420
14,33084906159,4155180
14,33087200574,4157940
14,33089494998,4160700
14,33091789389,4163460
14,33094083798,4166220
14,33096378229,4168980
14,33098672637,4171740
14,33100967026,4174500
14,33103261458,4177260
14,33105555867,4180020
14,33107850256,4182780
14,33110144664,4185540
14,33112439095,4188300
14,33114733485,4191060
14,33148002423,4193820
14,33150296855,4196580
14,33152591264,4199340
14,33154885653,4202100
14,33157180069,4204860
14,33159474492,4207620
14,33161768883,4210380
14,33164063291,4213140
14,33166357722,4215900
14,33168652131,4218660
14,33170946521,4221420
14,33173240952,4224180
14,33175535361,4226940
14,33177829751,4229700
14,33180124158,4232460
14,33182418591,4235220
14,33184712998,4237980
14,33187007388,4240740
14,33189301819,4243500
14,33191596227,4246260
14,33193890617,4249020
14,33196185034,4251780
14,33198479457,4254540
14,33200773848,4257300
14,33203068256,4260060
14,33226012353,4262820
14,33228306784,4265580
14,33230601193,4268340
14,33232895583,4271100
14,33235189999,4273860
14,33237484423,4276620
14,33239778813,4279380
14,33242073221,4282140
14,33244367652,4284900
14,33246662060,4287660
14,33248956451,4290420
14,33251250882,4293180
14,33253545290,4295940
14,33255839679,4298700
14,33258134089,4301460
14,33260428521,4304220
14,33262722930,4306980
14,33265017319,4309740
14,33267311750,4312500
14,33269606157,4315260
14,33271900548,4318020
14,33274194963,4320780
14,33276489388,4323540
14,33278783778,4326300
14,33281078187,4329060
14,33301727876,4331820
14,33304022284,4334580
14,33306316715,4337340
14,33308611123,4340100
14,33310905514,4342860
14,33313199930,4345620
14,33315494355,4348380
14,33317788745,4351140
14,33320083152,4353900
14,33322377584,4356660
14,33324671991,4359420
14,33326966382,4362180
14,33329260813,4364940
14,33331555222,4367700
14,33333849613,4370460
14,33336144022,4373220
14,33338438453,4375980
14,33340732843,4378740
14,33343027250,4381500
14,33345321682,4384260
14,33347616091,4387020
14,33349910480,4389780
14,33352204896,4392540
14,33354499321,4395300
14,33356793711,4398060
14,33378590624,4400820
14,33380885014,4403580
14,33383179430,4406340
14,33385473853,4409100
14,33387768243,4411860
14,33390062651,4414620
14,33392357083,4417380
14,33394651492,4420140
14,33396945882,4422900
14,33399240314,4425660
14,33401534722,4428420
14,33403829113,4431180
14,33406123520,4433940
14,33408417952,4436700
14,33410712360,4439460
14,33413006749,4442220
14,33415301182,4444980
14,33417595591,4447740
14,33419889981,4450500
14,33422184396,4453260
14,33424478820,4456020
14,33426773211,4458780
14,33429067619,4461540
14,33431362051,4464300
14,33433656459,4467060
14,33456600558,4469820
14,33458894949,4472580
14,33461189364,4475340
14,33463483789,4478100
14,33465778178,4480860
14,33468072587,4483620
14,33470367019,4486380
14,33472661427,4489140
14,33474955818,4491900
14,33477250249,4494660
14,33479544658,4497420
14,33481839048,4500180
14,33484133457,4502940
14,33486427888,4505700
14,33488722296,4508460
14,33491016686,4511220
14,33493311119,4513980
14,33495605528,4516740
14,33497899916,4519500
14,33500194333,4522260
14,33502488758,4525020
14,33504783147,4527780
14,33507077555,4530540
14,33509371988,4533300
14,33511666396,4536060
14,33535757682,4538820
14,33538052090,4541580
14,33540346522,4544340
14,33542640931,4547100
14,33544935321,4549860
14,33547229753,4552620
14,33549524161,4555380
14,33551818551,4558140
14,33554112958,4560900
14,33556407391,4563660
14,33558701800,4566420
14,33560996190,4569180
14,33563290622,4571940
14,33565585030,4574700
14,33567879420,4577460
14,33570173836,4580220
14,33572468261,4582980
14,33574762652,4585740
14,33577057059,4588500
14,33579351491,4591260
14,33581645900,4594020
14,33583940290,4596780
14,33586234721,4599540
14,33588529130,4602300
14,33590823522,4605060
14,33593117930,4607820
14,33616062029,4610580
14,33618356461,4613340
14,33620650870,4616100
14,33622945260,4618860
14,33625239692,4621620
14,33627534100,4624380
14,33629828490,4627140
14,33632122898,4629900
14,33634417330,4632660
14,33636711740,4635420
14,33639006130,4638180
14,33641300561,4640940
14,33643594969,4643700
14,33645889360,4646460
14,33648183776,4649220
14,33650478202,4651980
14,33652772591,4654740
14,33655066999,4657500
14,33657361432,4660260
14,33659655840,4663020
14,33661950230,4665780
14,33664244663,4668540
14,33666539071,4671300
14,33668833462,4674060
14,33671127870,4676820
14,33673422301,4679580
14,33696366403,4682340
14,33698660811,4685100
14,33700955201,4687860
14,33703249633,4690620
14,33705544042,4693380
14,33707838432,4696140
14,33710132841,4698900
14,33712427272,4701660
14,33714721681,4704420
14,33717016071,4707180
14,33719310503,4709940
14,33721604911,4712700
14,33723899302,4715460
14,33726193719,4718220
14,33728488143,4720980
14,33730782533,4723740
14,33733076942,4726500
14,33735371374,4729260
14,33737665783,4732020
14,33739960173,4734780
14,33742254604,4737540
14,33744549013,4740300
14,33746843404,4743060
14,33749137812,4745820
14,33751432243,4748580
14,33753726632,4751340
14,33777817940,4754100
14,33780112349,4756860
14,33782406781,4759620
14,33784701189,4762380
14,33786995579,4765140
14,33789290012,4767900
14,33791584421,4770660
14,33793878811,4773420
14,33796173227,4776180
14,33798467651,4778940
14,33800762042,4781700
14,33803056450,4784460
14,33805350882,4787220
14,33807645291,4789980
14,33809939681,4792740
14,33812234114,4795500
14,33814528522,4798260
14,33816822912,4801020
14,33819117322,4803780
14,33821411753,4806540
14,33823706161,4809300
14,33826000552,4812060
14,33828294984,4814820
14,33830589394,4817580
14,33832883784,4820340
14,33835178200,4823100
14,33860416727,4825860
14,33862711135,4828620
14,33865005526,4831380
14,33867299957,4834140
14,33869594366,4836900
14,33871888756,4839660
14,33874183173,4842420
14,33876477598,4845180
14,33878771989,4847940
14,33881066397,4850700
14,33883360828,4853460
14,33885655237,4856220
14,33887949628,4858980
14,33890244061,4861740
14,33892538469,4864500
14,33894832859,4867260
14,33897127267,4870020
14,33899421700,4872780
14,33901716109,4875540
14,33904010499,4878300
14,33906304931,4881060
14,33908599340,4883820
14,33910893730,4886580
14,33913188147,4889340
14,33915482571,4892100
14,33917776961,4894860
14,33920071370,4897620
14,33946457110,4900380
14,33948751500,4903140
14,33951045908,4905900
14,33953340341,4908660
14,33955634749,4911420
14,33957929140,4914180
14,33960223572,4916940
14,33962517981,4919700
14,33964812371,4922460
14,33967106779,4925220
14,33969401212,4927980
14,33971695621,4930740
14,33973990012,4933500
14,33976284444,4936260
14,33978578852,4939020
14,33980873243,4941780
14,33983167659,4944540
14,33985462084,4947300
14,33987756474,4950060
14,33990050883,4952820
14,33992345316,4955580
14,33994639725,4958340
14,33996934114,4961100
14,33999228547,4963860
14,34001522956,4966620
14,34003817347,4969380
14,34006111755,4972140
14,34031350290,4974900
14,34033644700,4977660
14,34035939091,4980420
14,34038233522,4983180
14,34040527930,4985940
14,34042822322,4988700
14,34045116730,4991460
14,34047411163,4994220
14,34049705571,4996980
14,34051999961,4999740
14,34054294394,5002500
14,34056588802,5005260
14,34058883193,5008020
14,34061177610,5010780
14,34063472035,5013540
14,34065766425,5016300
14,34068060834,5019060
14,34070355266,5021820
14,34072649676,5024580
14,34074944066,5027340
14,34077238497,5030100
14,34079532907,5032860
14,34081827298,5035620
14,34084121706,5038380
14,34086416138,5041140
14,34088710546,5043900
14,34091004939,5046660
14,34102477011,5049420
14,34104771401,5052180
14,34107065809,5054940
14,34109360243,5057700
14,34111654651,5060460
14,34113949042,5063220
14,34116243474,5065980
14,34118537883,5068740
14,34120832273,5071500
14,34123126682,5074260
14,34125421115,5077020
14,34127715524,5079780
14,34130009914,5082540
14,34132304347,5085300
14,34134598755,5088060
14,34136893147,5090820
14,34139187562,5093580
14,34141481987,5096340
14,34143776377,5099100
14,34146070788,5101860
14,34148365219,5104620
14,34150659628,5107380
14,34152954018,5110140
14,34155248450,5112900
14,34157542860,5115660
14,34159837251,5118420
14,34162131659,5121180
14,34164426091,5123940
14,34166720501,5126700
14,34169014892,5129460
14,34171309324,5132220
14,34173603732,5134980
14,34178192538,5137740
14,34180486965,5140500
14,34182781356,5143260
14,34185075764,5146020
14,34187370195,5148780
14,34189664605,5151540
14,34191958996,5154300
14,34194253428,5157060
14,34196547836,5159820
14,34198842228,5162580
14,34201136636,5165340
14,34203431069,5168100
14,34205725459,5170860
14,34208019869,5173620
14,34210314300,5176380
14,34212608709,5179140
14,34214903100,5181900
14,34217197517,5184660
14,34219491942,5187420
14,34221786332,5190180
14,34224080742,5192940
14,34226375175,5195700
14,34228669583,5198460
14,34230963973,5201220
14,34233258406,5203980
14,34235552815,5206740
14,34237847205,5209500
14,34240141614,5212260
14,34244730436,5215020
14,34247024846,5217780
14,34249319280,5220540
14,34251613688,5223300
14,34253908078,5226060
14,34256202494,5228820
14,34258496920,5231580
14,34260791310,5234340
14,34263085719,5237100
14,34265380152,5239860
14,34267674560,5242620
14,34269968951,5245380
14,34272263384,5248140
14,34274557793,5250900
14,34276852183,5253660
14,34279146592,5256420
14,34281441025,5259180
14,34283735415,5261940
14,34286029825,5264700
14,34288324256,5267460
14,34290618666,5270220
14,34292913057,5272980
14,34295207474,5275740
14,34297501899,5278500
14,34299796289,5281260
14,34302090698,5284020
14,34304385130,5286780
14,34306679540,5289540
14,34312415567,5292300
14,34314709977,5295060
14,34317004367,5297820
14,34319298799,5300580
14,34321593209,5303340
14,34323887600,5306100
14,34326182016,5308860
14,34328476440,5311620
14,34330770831,5314380
14,34333065239,5317140
14,34335359673,5319900
14,34337654082,5322660
14,34339948473,5325420
14,34342242904,5328180
14,34344537314,5330940
14,34346831706,5333700
14,34349126114,5336460
14,34351420546,5339220
14,34353714956,5341980
14,34356009346,5344740
14,34358303779,5347500
14,34360598188,5350260
14,34362892578,5353020
14,34365186994,5355780
14,34367481419,5358540
14,34369775812,5361300
14,34372070220,5364060
14,34374364652,5366820
14,34377806247,5369580
14,34380100657,5372340
14,34382395089,5375100
14,34384689499,5377860
14,34386983889,5380620
14,34389278321,5383380
14,34391572732,5386140
14,34393867121,5388900
14,34396161530,5391660
14,34398455962,5394420
14,34400750353,5397180
14,34403044763,5399940
14,34405339195,5402700
14,34407633605,5405460
14,34409927995,5408220
14,34412222411,5410980
14,34414516838,5413740
14,34416811228,5416500
14,34419105636,5419260
14,34421400069,5422020
14,34423694478,5424780
14,34425988870,5427540
14,34428283303,5430300
14,34430577711,5433060
14,34435166517,5435820
14,34437460944,5438580
14,34439755334,5441340
14,34442049742,5444100
14,34446638585,5446860
14,34448932976,5449620
14,34451227393,5452380
14,34453521817,5455140
14,34455816207,5457900
14,34458110617,5460660
14,34460405050,5463420
14,34462699459,5466180
14,34464993849,5468940
14,34467288283,5471700
14,34469582692,5474460
14,34471877082,5477220
14,34474171499,5479980
14,34476465924,5482740
14,34478760314,5485500
14,34481054725,5488260
14,34483349157,5491020
14,34485643565,5493780
14,34487937956,5496540
14,34490232389,5499300
14,34492526798,5502060
14,34494821190,5504820
14,34497115598,5507580
14,34499410031,5510340
14,34501704440,5513100
14,34506293263,5515860
14,34508587673,5518620
14,34510882064,5521380
14,34513176479,5524140
14,34517765296,5526900
14,34520059705,5529660
14,34522354138,5532420
14,34524648546,5535180
14,34526942938,5537940
14,34529237372,5540700
14,34531531780,5543460
14,34533826170,5546220
14,34536120579,5548980
14,34538415013,5551740
14,34540709422,5554500
14,34543003812,5557260
14,34545298245,5560020
14,34547592655,5562780
14,34549887044,5565540
14,34552181462,5568300
14,34554475887,5571060
14,34556770277,5573820
14,34559064687,5576580
14,34561359120,5579340
14,34563653529,5582100
14,34565486057,5583480
14,34565956560,5584860
14,34567103764,5586240
14,34568250992,5587620
14,34569398196,5589000
14,34570545403,5590380
14,34571692606,5591760
14,34572839793,5593140
14,34573986997,5594520
14,34575134201,5595900
14,34576281430,5597280
14,34577428634,5598660
14,34578575839,5600040
14,34579723044,5601420
14,34580870230,5602800
14,34582017435,5604180
14,34586606276,5605560
14,34587753463,5606940
14,34588900666,5608320
14,34590047871,5609700
14,34591195083,5611080
14,34592342305,5612460
14,34593489510,5613840
14,34594636714,5615220
14,34595783900,5616600
14,34596931105,5617980
14,34598078309,5619360
14,34599225522,5620740
14,34600364102,5645580
14,34605637166,5646960
14,34606784324,5648340
14,34609078660,5649720
14,34610225837,5651100
14,34611364392,5659380
14,34612983339,5662140
14,34615277773,5664900
14,34617572182,5667660
14,34619866573,5670420
14,34660018761,5681460
14,34661840039,5684220
14,34666428765,5686980
14,34669870260,5689740
14,34673311809,5692500
14,34697402474,5695260
14,34703138324,5698020
14,34710021369,5700780
14,34739847901,5703540
14,34744436627,5706300
14,34751319671,5709060
14,34779999009,5711820
14,34784587736,5714580
14,34793765116,5717340
14,34825885985,5720100
14,34830474712,5722860
14,34841946428,5725620
14,34844240800,5728380
14,34879803201,5731140
14,34884391910,5733900
14,34895863627,5736660
14,34898157982,5739420
14,34933720418,5742180
14,34938309107,5744940
14,34952075180,5747700
14,34954369552,5750460
14,34989931935,5753220
14,34994520661,5755980
14,35005992378,5758740
14,35008286751,5761500
14,35047290683,5764260
14,35051879357,5767020
14,35063351128,5769780
14,35065645483,5772540
14,35106943733,5775300
14,35111532460,5778060
14,35113826778,5780820
14,35125298550,5783580
14,35127592904,5786340
14,35168891156,5789100
14,35173479883,5791860
14,35175774220,5794620
14,35187245973,5797380
14,35189540328,5800140
14,35230838579,5802900
14,35235427306,5805660
14,35237721643,5808420
14,35256565643,5811180
14,35261154444,5813940
14,35281322925,5815320
14,35297873665,5816700
14,35299020871,5818080
14,35308198521,5819460
14,35309337103,5826360
14,35311140804,5829120
14,35334084294,5831880
14,35352439110,5834640
14,35359322154,5836020
14,35367352377,5838780
14,35408650667,5841540
14,35421269578,5844300
14,35462567870,5847060
14,35474039588,5849820
14,35516485073,5852580
14,35529103969,5855340
14,35571549455,5858100
14,35585315545,5860860
14,35630055332,5863620
14,35643821422,5866380
14,35692002759,5869140
14,35694297132,5871900
14,35708063206,5874660
14,35751655870,5877420
14,35753950188,5880180
14,35767716316,5882940
14,35805573076,5885700
14,35807867394,5888460
14,35821633522,5891220
14,35860637459,5893980
14,35862931778,5896740
14,35876697906,5899500
14,35917996162,5902260
14,35920290535,5905020
14,35934056609,5907780
14,35975354918,5910540
14,35977649274,5913300
14,35979943593,5916060
14,35993709721,5918820
14,36037302349,5921580
14,36039596705,5924340
14,36041891022,5927100
14,36055657152,5929860
14,36099249765,5932620
14,36101544138,5935380
14,36103838455,5938140
14,36117604584,5940900
14,36163491569,5943660
14,36165785906,5946420
14,36168080242,5949180
14,36181846335,5951940
14,36227733338,5954700
14,36230027675,5957460
14,36232322048,5960220
14,36246088123,5962980
14,36248382495,5965740
14,36296563836,5968500
14,36298858155,5971260
14,36301152510,5974020
14,36314918601,5976780
14,36317212958,5979540
14,36365394317,5982300
14,36367688672,5985060
14,36369982990,5987820
14,36383749100,5990580
14,36386043438,5993340
14,36435371975,5996100
14,36437666331,5998860
14,36439960649,6001620
14,36442255005,6004380
14,36444549378,6007140
14,36469787208,6009900
14,36474375917,6012660
14,36476670272,6015420
14,36478964591,6018180
14,36481258946,6020940
14,36524851579,6023700
14,36532881802,6026460
14,36535176159,6029220
14,36539764866,6031980
14,36542059204,6034740
14,36544353577,6037500
14,36571885744,6040260
14,36578768810,6043020
14,36581063147,6045780
14,36583357518,6048540
14,36585651875,6051300
14,36587946192,6054060
14,36613184043,6056820
14,36620067089,6059580
14,36622361460,6062340
14,36625802957,6065100
14,36633833181,6067860
14,36638421909,6070620
14,36676278673,6073380
14,36678573030,6076140
14,36680867349,6078900
14,36683161704,6081660
14,36685456076,6084420
14,36687750413,6087180
14,36717576973,6089940
14,36719871291,6092700
14,36722165647,6095460
14,36724460019,6098220
14,36726754356,6100980
14,36729048694,6103740
14,36731343065,6106500
14,36765758299,6109260
14,36768052637,6112020
14,36771494186,6114780
14,36773788525,6117540
14,36776082861,6120300
14,36778377232,6123060
14,36780671589,6125820
14,36813939626,6128580
14,36816233982,6131340
14,36820822673,6134100
14,36823117029,6136860
14,36825411401,6139620
14,36827705756,6142380
14,36830000075,6145140
14,36864415346,6147900
14,36866709700,6150660
14,36871298391,6153420
14,36873592747,6156180
14,36875887066,6158940
14,36878181421,6161700
14,36880475794,6164460
14,36914891009,6167220
14,36917185366,6169980
14,36921774075,6172740
14,36924068412,6175500
14,36926362784,6178260
14,36928657140,6181020
14,36930951458,6183780
14,36968808226,6186540
14,36971102581,6189300
14,36973396953,6192060
14,36977985629,6194820
14,36980280000,6197580
14,36982574356,6200340
14,36984868674,6203100
14,36987163030,6205860
14,37026166975,6208620
14,37028461347,6211380
14,37030755684,6214140
14,37035344395,6216900
14,37037638750,6219660
14,37039933069,6222420
14,37042227424,6225180
14,37044521797,6227940
14,37084672920,6230700
14,37086967238,6233460
14,37089261594,6236220
14,37094997463,6238980
14,37097291835,6241740
14,37099586191,6244500
14,37101880510,6247260
14,37104174866,6250020
14,37146620361,6252780
14,37148914680,6255540
14,37151209036,6258300
14,37155797727,6261060
14,37158092083,6263820
14,37160386456,6266580
14,37162680811,6269340
14,37164975130,6272100
14,37207420627,6274860
14,37209714981,6277620
14,37212009301,6280380
14,37216598029,6283140
14,37218892348,6285900
14,37221186703,6288660
14,37223481075,6291420
14,37225775412,6294180
14,37228069750,6296940
14,37271662425,6299700
14,37273956743,6302460
14,37276251100,6305220
14,37280839790,6307980
14,37283134146,6310740
14,37285428519,6313500
14,37287722856,6316260
14,37290017193,6319020
14,37292311566,6321780
14,37333609869,6324540
14,37335904187,6327300
14,37338198542,6330060
14,37342787232,6332820
14,37345081591,6335580
14,37347375962,6338340
14,37349670319,6341100
14,37351964636,6343860
14,37354258993,6346620
14,37396704490,6349380
14,37398998808,6352140
14,37401293182,6354900
14,37405881857,6357660
14,37408176211,6360420
14,37410470584,6363180
14,37412764920,6365940
14,37415059260,6368700
14,37417353631,6371460
14,37459799077,6374220
14,37462093432,6376980
14,37464387805,6379740
14,37468976479,6382500
14,37471270835,6385260
14,37473565208,6388020
14,37475859526,6390780
14,37478153882,6393540
14,37480448254,6396300
14,37482742592,6399060
14,37525188055,6401820
14,37527482428,6404580
14,37529776746,6407340
14,37534365475,6410100
14,37536659832,6412860
14,37538954150,6415620
14,37541248506,6418380
14,37543542878,6421140
14,37545837196,6423900
14,37548131553,6426660
14,37591724210,6429420
14,37594018549,6432180
14,37596312920,6434940
14,37600901595,6437700
14,37603195952,6440460
14,37605490323,6443220
14,37607784642,6445980
14,37610078999,6448740
14,37612373372,6451500
14,37614667727,6454260
14,37647935770,6457020
14,37650230126,6459780
14,37652524498,6462540
14,37654818817,6465300
14,37657113173,6468060
14,37659407546,6470820
14,37661701901,6473580
14,37663996219,6476340
14,37666290593,6479100
14,37668584950,6481860
14,37703000170,6484620
14,37705294542,6487380
14,37707588898,6490140
14,37709883216,6492900
14,37712177573,6495660
14,37714471947,6498420
14,37716766282,6501180
14,37719060620,6503940
14,37721354992,6506700
14,37723649350,6509460
14,37759211748,6512220
14,37761506121,6514980
14,37763800439,6517740
14,37766094794,6520500
14,37768389167,6523260
14,37770683525,6526020
14,37772977843,6528780
14,37775272199,6531540
14,37777566571,6534300
14,37779860889,6537060
14,37782155247,6539820
14,37816570522,6542580
14,37818864840,6545340
14,37821159197,6548100
14,37823453568,6550860
14,37825747906,6553620
14,37828042243,6556380
14,37830336617,6559140
14,37832630971,6561900
14,37834925291,6564660
14,37837219646,6567420
14,37839514020,6570180
14,37875076419,6572940
14,37877370792,6575700
14,37879665149,6578460
14,37881959467,6581220
14,37884253823,6583980
14,37886548196,6586740
14,37888842515,6589500
14,37891136870,6592260
14,37893431244,6595020
14,37895725579,6597780
14,37898019919,6600540
14,37934729531,6603300
14,37937023870,6606060
14,37939318241,6608820
14,37941612598,6611580
14,37943906916,6614340
14,37946201273,6617100
14,37948495645,6619860
14,37950789963,6622620
14,37953084319,6625380
14,37955378693,6628140
14,37957673048,6630900
14,37995529822,6633660
14,37997824140,6636420
14,38000118498,6639180
14,38002412869,6641940
14,38004707226,6644700
14,38007001544,6647460
14,38009295917,6650220
14,38011590272,6652980
14,38013884593,6655740
14,38016178948,6658500
14,38018473321,6661260
14,38020767638,6664020
14,38057477272,6666780
14,38059771590,6669540
14,38062065947,6672300
14,38064360321,6675060
14,38066654676,6677820
14,38068948996,6680580
14,38071243351,6683340
14,38073537725,6686100
14,38075832042,6688860
14,38078126399,6691620
14,38080420771,6694380
14,38082715128,6697140
14,38120571901,6699900
14,38122866221,6702660
14,38125160576,6705420
14,38127454950,6708180
14,38129749287,6710940
14,38132043625,6713700
14,38134337998,6716460
14,38136632353,6719220
14,38138926674,6721980
14,38141221028,6724740
14,38143515402,6727500
14,38145809720,6730260
14,38184813673,6733020
14,38187108029,6735780
14,38189402402,6738540
14,38191696757,6741300
14,38193991077,6744060
14,38196285431,6746820
14,38198579806,6749580
14,38200874124,6752340
14,38203168481,6755100
14,38205462854,6757860
14,38207757190,6760620
14,38210051530,6763380
14,38250202659,6766140
14,38252497031,6768900
14,38254791350,6771660
14,38257085706,6774420
14,38259380080,6777180
14,38261674437,6779940
14,38263968754,6782700
14,38266263112,6785460
14,38268557484,6788220
14,38270851804,6790980
14,38273146158,6793740
14,38275440532,6796500
14,38277734869,6799260
14,38316738822,6802020
14,38319033159,6804780
14,38321327532,6807540
14,38323621889,6810300
14,38325916208,6813060
14,38328210565,6815820
14,38330504936,6818580
14,38332799255,6821340
14,38335093612,6824100
14,38337387986,6826860
14,38339682342,6829620
14,38341976660,6832380
14,38344271017,6835140
14,38384422165,6837900
14,38386716503,6840660
14,38389010840,6843420
14,38391305213,6846180
14,38393599569,6848940
14,38395893889,6851700
14,38398188244,6854460
14,38400482617,6857220
14,38402776935,6859980
14,38405071293,6862740
14,38407365666,6865500
14,38409660021,6868260
14,38411954341,6871020
14,38453252651,6873780
14,38455547024,6876540
14,38457841342,6879300
14,38460135699,6882060
14,38462430071,6884820
14,38464724409,6887580
14,38467018748,6890340
14,38469313120,6893100
14,38471607476,6895860
14,38473901794,6898620
14,38476196152,6901380
14,38478490525,6904140
14,38480784843,6906900
14,38523230332,6909660
14,38525524705,6912420
14,38527819023,6915180
14,38530113380,6917940
14,38532407754,6920700
14,38534702110,6923460
14,38536996430,6926220
14,38539290784,6928980
14,38541585158,6931740
14,38543879477,6934500
14,38546173834,6937260
14,38548468207,6940020
14,38550762524,6942780
14,38553056882,6945540
14,38594355209,6948300
14,38596649566,6951060
14,38598943884,6953820
14,38601238240,6956580
14,38603532615,6959340
14,38605826933,6962100
14,38608121290,6964860
14,38610415661,6967620
14,38612710018,6970380
14,38615004338,6973140
14,38617298710,6975900
14,38619593067,6978660
14,38621887385,6981420
14,38624181742,6984180
14,38666627248,6986940
14,38668921568,6989700
14,38671215924,6992460
14,38673510297,6995220
14,38675804616,6997980
14,38678098972,7000740
14,38680393345,7003500
14,38682687702,7006260
14,38684982021,7009020
14,38687276378,7011780
14,38689570750,7014540
14,38691865070,7017300
14,38694159425,7020060
14,38696453799,7022820
14,38740046429,7025580
14,38742340803,7028340
14,38744635160,7031100
14,38746929478,7033860
14,38749223835,7036620
14,38751518206,7039380
14,38753812526,7042140
14,38756106883,7044900
14,38758401256,7047660
14,38760695613,7050420
14,38762989931,7053180
14,38765284289,7055940
14,38767578662,7058700
14,38769872980,7061460
14,38813465666,7064220
14,38815759983,7066980
14,38818054341,7069740
14,38820348714,7072500
14,38822643070,7075260
14,38824937391,7078020
14,38827231746,7080780
14,38829526119,7083540
14,38831820438,7086300
14,38834114794,7089060
14,38836409169,7091820
14,38838703524,7094580
14,38840997844,7097340
14,38843292200,7100100
14,38888032027,7102860
14,38890326399,7105620
14,38892620755,7108380
14,38894915076,7111140
14,38897209431,7113900
14,38899503805,7116660
14,38901798122,7119420
14,38904092479,7122180
14,38906386854,7124940
14,38908681210,7127700
14,38910975529,7130460
14,38913269886,7133220
14,38915564257,7135980
14,38917858578,7138740
14,38920152934,7141500
14,38928183161,7144260
14,38930477535,7147020
14,38932771852,7149780
14,38935066210,7152540
14,38937360583,7155300
14,38939654938,7158060
14,38941949259,7160820
14,38944243615,7163580
14,38946537988,7166340
14,38948832308,7169100
14,38951126664,7171860
14,38953421037,7174620
14,38955715375,7177380
14,38958009712,7180140
14,38960304086,7182900
14,38970628669,7185660
14,38972922989,7188420
14,38977511718,7191180
14,38979806036,7193940
14,38984394767,7196700
14,38986689124,7199460
14,38990130621,7202220
14,38992424994,7204980
14,38995866491,7207740
14,39000455221,7210500
14,39002749540,7213260
14,39005043897,7216020
14,39007338269,7218780
14,39009632626,7221540
14,39011926945,7224300
14,39016515676,7227060
14,39018809993,7229820
14,39021104352,7232580
14,39023398724,7235340
14,39025693080,7238100
14,39027987400,7240860
14,39030281755,7243620
14,39032576129,7246380
14,39034870449,7249140
14,39039459178,7251900
14,39041753495,7254660
14,39044047853,7257420
14,39046342228,7260180
14,39048636584,7262940
14,39050930903,7265700
14,39056666811,7268460
14,39058961131,7271220
14,39061255486,7273980
14,39063549859,7276740
14,39065844178,7279500
14,39068138535,7282260
14,39070432909,7285020
14,39072727245,7287780
14,39075021584,7290540
14,39077315958,7293300
14,39081904634,7296060
14,39084198990,7298820
14,39087640541,7301580
14,39089934861,7304340
14,39092229217,7307100
14,39094523590,7309860
14,39101406639,7312620
14,39103700996,7315380
14,39105995315,7318140
14,39108289672,7320900
14,39110584044,7323660
14,39112878363,7326420
14,39115172721,7329180
14,39117467093,7331940
14,39119761412,7334700
14,39122055769,7337460
14,39126644499,7340220
14,39128938817,7342980
14,39133527548,7345740
14,39135821865,7348500
14,39138116224,7351260
14,39140410598,7354020
14,39149588001,7356780
14,39151882322,7359540
14,39154176678,7362300
14,39156471051,7365060
14,39158765370,7367820
14,39161059727,7370580
14,39163354100,7373340
14,39165648457,7376100
14,39167942775,7378860
14,39170237133,7381620
14,39174825825,7384380
14,39177120182,7387140
14,39180561732,7389900
14,39182856052,7392660
14,39185150409,7395420
14,39187444782,7398180
14,39193180635,7400940
14,39195475009,7403700
14,39197769328,7406460
14,39200063685,7409220
14,39202358059,7411980
14,39204652415,7414740
14,39206946734,7417500
14,39209241092,7420260
14,39211535464,7423020
14,39213829783,7425780
14,39218418512,7428540
14,39220712870,7431300
14,39225301545,7434060
14,39227595918,7436820
14,39229890238,7439580
14,39232184595,7442340
14,39239067643,7445100
14,39241362017,7447860
14,39243656374,7450620
14,39245950693,7453380
14,39248245050,7456140
14,39250539422,7458900
14,39252833741,7461660
14,39255128100,7464420
14,39257422471,7467180
14,39259716809,7469940
14,39262011147,7472700
14,39265452698,7475460
14,39267747018,7478220
14,39272335748,7480980
14,39274630105,7483740
14,39276924423,7486500
14,39279218781,7489260
14,39283807472,7492020
14,39286101830,7494780
14,39288396202,7497540
14,39290690559,7500300
14,39292984879,7503060
14,39295279235,7505820
14,39297573608,7508580
14,39299867928,7511340
14,39302162285,7514100
14,39304456658,7516860
14,39306750977,7519620
14,39311339706,7522380
14,39313634064,7525140
14,39319369935,7527900
14,39321664291,7530660
14,39323958610,7533420
14,39326252968,7536180
14,39331988838,7538940
14,39334283194,7541700
14,39336577566,7544460
14,39338871888,7547220
14,39341166244,7549980
14,39343460616,7552740
14,39345754935,7555500
14,39348049293,7558260
14,39350343666,7561020
14,39352638023,7563780
14,39354932342,7566540
14,39360668251,7569300
14,39362962569,7572060
14,39367551299,7574820
14,39369845618,7577580
14,39372139976,7580340
14,39374434349,7583100
14,39379023025,7585860
14,39381317397,7588620
14,39383611753,7591380
14,39385906074,7594140
14,39388200430,7596900
14,39390494803,7599660
14,39392789122,7602420
14,39395083480,7605180
14,39397377853,7607940
14,39399672210,7610700
14,39401966529,7613460
14,39406555259,7616220
14,39408849578,7618980
14,39413438308,7621740
14,39415732644,7624500
14,39418026983,7627260
14,39420321358,7630020
14,39424910033,7632780
14,39427204390,7635540
14,39429498763,7638300
14,39431793082,7641060
14,39434087440,7643820
14,39436381813,7646580
14,39438676169,7649340
14,39440970489,7652100
14,39443264846,7654860
14,39445559218,7657620
14,39447853538,7660380
14,39452442267,7663140
14,39454736586,7665900
14,39457030943,7668660
14,39462766813,7671420
14,39465061171,7674180
14,39467355545,7676940
14,39469649901,7679700
14,39475385772,7682460
14,39477680130,7685220
14,39479974449,7687980
14,39482268806,7690740
14,39484563178,7693500
14,39486857497,7696260
14,39489151855,7699020
14,39491446228,7701780
14,39493740546,7704540
14,39496034904,7707300
14,39498329277,7710060
14,39504065132,7712820
14,39506359504,7715580
14,39508653861,7718340
14,39515536911,7721100
14,39517831230,7723860
14,39520125586,7726620
14,39522419960,7729380
14,39529302993,7732140
14,39531597367,7734900
14,39533891685,7737660
14,39536186043,7740420
14,39538480415,7743180
14,39540774734,7745940
14,39543069092,7748700
14,39545363464,7751460
14,39547657820,7754220
14,39549952141,7756980
14,39552246498,7759740
14,39559129547,7762500
14,39561423920,7765260
14,39563718258,7768020
14,39570601326,7770780
14,39572895647,7773540
14,39575190003,7776300
14,39577484376,7779060
14,39584367426,7781820
14,39586661783,7784580
14,39588956102,7787340
14,39591250458,7790100
14,39593544831,7792860
14,39595839152,7795620
14,39598133508,7798380
14,39600427881,7801140
14,39602722218,7803900
14,39605016556,7806660
14,39607310915,7809420
14,39614193963,7812180
14,39616488336,7814940
14,39618782655,7817700
14,39626812883,7820460
14,39629107241,7823220
14,39631401614,7825980
14,39633695970,7828740
14,39641726180,7831500
14,39644020519,7834260
14,39646314892,7837020
14,39648609248,7839780
14,39650903568,7842540
14,39653197925,7845300
14,39655492297,7848060
14,39657786617,7850820
14,39660080974,7853580
14,39662375346,7856340
14,39664669703,7859100
14,39672699932,7861860
14,39674994251,7864620
14,39677288608,7867380
14,39684171657,7870140
14,39686466031,7872900
14,39688760350,7875660
14,39691054707,7878420
14,39693349080,7881180
14,39700232114,7883940
14,39702526487,7886700
14,39704820806,7889460
14,39707115163,7892220
14,39709409536,7894980
14,39711703892,7897740
14,39713998213,7900500
14,39716292570,7903260
14,39718586942,7906020
14,39720881261,7908780
14,39723175619,7911540
14,39730058668,7914300
14,39732353042,7917060
14,39734647398,7919820
14,39742677627,7922580
14,39744971946,7925340
14,39747266304,7928100
14,39749560677,7930860
14,39751854996,7933620
14,39759885224,7936380
14,39762179581,7939140
14,39764473954,7941900
14,39766768272,7944660
14,39769062630,7947420
14,39771357004,7950180
14,39773651360,7952940
14,39775945680,7955700
14,39778240036,7958460
14,39780534409,7961220
14,39782828729,7963980
14,39790858958,7966740
14,39793153314,7969500
14,39795447687,7972260
14,39804625093,7975020
14,39806919415,7977780
14,39809213771,7980540
14,39811508143,7983300
14,39813802463,7986060
14,39817243998,7988820
14,39819538372,7991580
14,39821832691,7994340
14,39824127048,7997100
14,39826421421,7999860
14,39828715759,8002620
14,39831010098,8005380
14,39833304454,8008140
14,39835598828,8010900
14,39837893147,8013660
14,39840187504,8016420
14,39849364927,8019180
14,39851659284,8021940
14,39853953604,8024700
14,39864278188,8027460
14,39866572563,8030220
14,39868866882,8032980
14,39871161239,8035740
14,39873455612,8038500
14,39875749931,8041260
14,39878044289,8044020
14,39880338661,8046780
14,39882633019,8049540
14,39884927338,8052300
14,39887221694,8055060
14,39889516069,8057820
14,39891810387,8060580
14,39894104745,8063340
14,39896399118,8066100
14,39898693475,8068860
14,39909018022,8071620
14,39911312379,8074380
14,39913606753,8077140
14,39922784121,8079900
14,39925078480,8082660
14,39927372852,8085420
14,39929667209,8088180
14,39931961529,8090940
14,39934255885,8093700
14,39936550259,8096460
14,39938844579,8099220
14,39941138936,8101980
14,39943433308,8104740
14,39945727628,8107500
14,39948021986,8110260
14,39950316342,8113020
14,39952610716,8115780
14,39954905035,8118540
14,39957199392,8121300
14,39959493766,8124060
14,39968671172,8126820
14,39970965492,8129580
14,39973259849,8132340
14,39982437272,8135100
14,39984731591,8137860
14,39987025948,8140620
14,39989320322,8143380
14,39991614678,8146140
14,39993908999,8148900
14,39996203355,8151660
14,39998497728,8154420
14,40000792047,8157180
14,40003086404,8159940
14,40005380778,8162700
14,40007675135,8165460
14,40009969455,8168220
14,40012263812,8170980
14,40014558184,8173740
14,40016852505,8176500
14,40019146862,8179260
14,40028324285,8182020
14,40030618643,8184780
14,40032912962,8187540
14,40043237548,8190300
14,40045531920,8193060
14,40047826239,8195820
14,40050120597,8198580
14,40052414969,8201340
14,40054709328,8204100
14,40057003647,8206860
14,40059298004,8209620
14,40061592377,8212380
14,40063886696,8215140
14,40066181054,8217900
14,40068475427,8220660
14,40070769746,8223420
14,40073064103,8226180
14,40075358477,8228940
14,40077652834,8231700
14,40079947153,8234460
14,40083388706,8237220
14,40085683062,8239980
14,40087977382,8242740
14,40099449162,8245500
14,40101743481,8248260
14,40104037839,8251020
14,40106332212,8253780
14,40108626569,8256540
14,40110920888,8259300
14,40113215245,8262060
14,40115509619,8264820
14,40117803937,8267580
14,40120098296,8270340
14,40122392668,8273100
14,40124687027,8275860
14,40126981346,8278620
14,40129275703,8281380
14,40131570076,8284140
14,40133864396,8286900
14,40136158753,8289660
14,40138453127,8292420
14,40140747445,8295180
14,40143041803,8297940
14,40155660761,8300700
14,40157955081,8303460
14,40160249438,8306220
14,40162543812,8308980
14,40164838130,8311740
14,40167132488,8314500
14,40169426861,8317260
14,40171721181,8320020
14,40174015538,8322780
14,40176309896,8325540
14,40178604268,8328300
14,40180898588,8331060
14,40183192946,8333820
14,40185487319,8336580
14,40187781638,8339340
14,40190075995,8342100
14,40192370369,8344860
14,40194664726,8347620
14,40196959046,8350380
14,40199253402,8353140
14,40201547776,8355900
14,40213019502,8358660
14,40215313860,8361420
14,40217608232,8364180
14,40219902554,8366940
14,40222196910,8369700
14,40224491283,8372460
14,40226785602,8375220
14,40229079959,8377980
14,40231374334,8380740
14,40233668690,8383500
14,40235963010,8386260
14,40238257366,8389020
14,40240551740,8391780
14,40242846060,8394540
14,40245140418,8397300
14,40247434790,8400060
14,40249729110,8402820
14,40252023467,8405580
14,40254317825,8408340
14,40256612198,8411100
14,40258906517,8413860
14,40270378298,8416620
14,40272672655,8419380
14,40274966974,8422140
14,40277261332,8424900
14,40279555705,8427660
14,40281850025,8430420
14,40284144382,8433180
14,40286438755,8435940
14,40288733074,8438700
14,40291027432,8441460
14,40293321789,8444220
14,40295616162,8446980
14,40297910482,8449740
14,40300204838,8452500
14,40302499213,8455260
14,40304793531,8458020
14,40307087890,8460780
14,40309382262,8463540
14,40311676620,8466300
14,40313970940,8469060
14,40316265297,8471820
14,40328884219,8474580
14,40331178575,8477340
14,40333472949,8480100
14,40335767267,8482860
14,40338061626,8485620
14,40340355999,8488380
14,40342650356,8491140
14,40344944676,8493900
14,40347239033,8496660
14,40349533407,8499420
14,40351827726,8502180
14,40354122083,8504940
14,40356416457,8507700
14,40358710813,8510460
14,40361005134,8513220
14,40363299490,8515980
14,40365593864,8518740
14,40367888183,8521500
14,40370182541,8524260
14,40372476914,8527020
14,40374771234,8529780
14,40388537372,8532540
14,40390831690,8535300
14,40393126049,8538060
14,40395420421,8540820
14,40397714742,8543580
14,40400009099,8546340
14,40402303456,8549100
14,40404597829,8551860
14,40406892150,8554620
14,40409186506,8557380
14,40411480880,8560140
14,40413775198,8562900
14,40416069557,8565660
14,40418363930,8568420
14,40420658288,8571180
14,40422952607,8573940
14,40425246964,8576700
14,40427541338,8579460
14,40429835656,8582220
14,40432130014,8584980
14,40434424388,8587740
14,40436718706,8590500
14,40451632024,8593260
14,40453926344,8596020
14,40456220701,8598780
14,40458515075,8601540
14,40460809393,8604300
14,40463103751,8607060
14,40465398125,8609820
14,40467692482,8612580
14,40469986802,8615340
14,40472281159,8618100
14,40474575533,8620860
14,40476869852,8623620
14,40479164210,8626380
14,40481458583,8629140
14,40483752902,8631900
14,40486047259,8634660
14,40488341633,8637420
14,40490635991,8640180
14,40492930311,8642940
14,40495224667,8645700
14,40497519041,8648460
14,40499813359,8651220
14,40513579499,8653980
14,40515873819,8656740
14,40518168176,8659500
14,40520462549,8662260
14,40522756868,8665020
14,40525051225,8667780
14,40527345600,8670540
14,40529639957,8673300
14,40531934277,8676060
14,40534228633,8678820
14,40536523007,8681580
14,40538817326,8684340
14,40541111684,8687100
14,40543406057,8689860
14,40545700414,8692620
14,40547994734,8695380
14,40550289092,8698140
14,40552583466,8700900
14,40554877785,8703660
14,40557172142,8706420
14,40559466515,8709180
14,40561760835,8711940
14,40576674153,8714700
14,40578968472,8717460
14,40581262829,8720220
14,40583557202,8722980
14,40585851523,8725740
14,40588145880,8728500
14,40590440253,8731260
14,40592734572,8734020
14,40595028930,8736780
14,40597323288,8739540
14,40599617661,8742300
14,40601911981,8745060
14,40604206337,8747820
14,40606500711,8750580
14,40608795030,8753340
14,40611089389,8756100
14,40613383762,8758860
14,40615678119,8761620
14,40617972438,8764380
14,40620266796,8767140
14,40622561170,8769900
14,40624855490,8772660
14,40640915948,8775420
14,40643210304,8778180
14,40645504679,8780940
14,40647798998,8783700
14,40650093355,8786460
14,40652387729,8789220
14,40654682085,8791980
14,40656976407,8794740
14,40659270763,8797500
14,40661565137,8800260
14,40663859456,8803020
14,40666153813,8805780
14,40668448188,8808540
14,40670742506,8811300
14,40673036865,8814060
14,40675331238,8816820
14,40677625595,8819580
14,40679919915,8822340
14,40682214272,8825100
14,40684508645,8827860
14,40686802964,8830620
14,40689097323,8833380
14,40691391696,8836140
14,40708599333,8838900
14,40710893653,8841660
14,40713188010,8844420
14,40715482385,8847180
14,40717776703,8849940
14,40720071061,8852700
14,40722365434,8855460
14,40724659791,8858220
14,40726954112,8860980
14,40729248469,8863740
14,40731542843,8866500
14,40733837161,8869260
14,40736131519,8872020
14,40738425892,8874780
14,40740720213,8877540
14,40743014570,8880300
14,40745308927,8883060
14,40747603301,8885820
14,40749897620,8888580
14,40752191979,8891340
14,40754486351,8894100
14,40756780671,8896860
14,40759075028,8899620
14,40769399631,8902380
14,40771693988,8905140
14,40773988309,8907900
14,40776282666,8910660
14,40778577040,8913420
14,40780871359,8916180
14,40783165716,8918940
14,40785460090,8921700
14,40787754409,8924460
14,40790048768,8927220
14,40792343141,8929980
14,40794637498,8932740
14,40796931817,8935500
14,40799226175,8938260
14,40801520549,8941020
14,40803814868,8943780
14,40806109226,8946540
14,40808403599,8949300
14,40810697957,8952060
14,40812992276,8954820
14,40815286634,8957580
14,40817581008,8960340
14,40819875327,8963100
14,40822169685,8965860
14,40824464058,8968620
14,40826758377,8971380
14,40829052736,8974140
14,40831347109,8976900
14,40833641466,8979660
14,40835935786,8982420
14,40838230143,8985180
14,40840524517,8987940
14,40842818836,8990700
14,40845113194,8993460
14,40847407568,8996220
14,40849701925,8998980
14,40851996244,9001740
14,40854290602,9004500
14,40856584976,9007260
14,40858879296,9010020
14,40861173653,9012780
14,40863468027,9015540
14,40865762345,9018300
14,40868056704,9021060
14,40870351078,9023820
14,40872645435,9026580
14,40874939754,9029340
14,40877234111,9032100
14,40879528485,9034860
14,40881822804,9037620
14,40884117163,9040380
14,40886411537,9043140
14,40888705874,9045900
14,40891000214,9048660
14,40893294570,9051420
14,40895588945,9054180
14,40897883264,9056940
14,40900177621,9059700
14,40902471995,9062460
14,40904766314,9065220
14,40907060673,9067980
14,40909355046,9070740
14,40911649403,9073500
14,40913943722,9076260
14,40916238080,9079020
14,40918532455,9081780
14,40920826773,9084540
14,40923121131,9087300
14,40925415505,9090060
14,40927709842,9092820
14,40930004183,9095580
14,40932298540,9098340
14,40934592913,9101100
14,40936887233,9103860
14,40939181590,9106620
14,40941475965,9109380
14,40943770283,9112140
14,40946064641,9114900
14,40948359015,9117660
14,40950653371,9120420
14,40952947693,9123180
14,40955242050,9125940
14,40957536423,9128700
14,40959830742,9131460
14,40962125100,9134220
14,40964419473,9136980
14,40966713794,9139740
14,40969008151,9142500
14,40971302508,9145260
14,40973596881,9148020
14,40975891202,9150780
14,40978185560,9153540
14,40980479933,9156300
14,40982774252,9159060
14,40985068609,9161820
14,40987362983,9164580
14,40989657342,9167340
14,40991951661,9170100
14,40994246018,9172860
14,40996540392,9175620
14,40998834711,9178380
14,41001129070,9181140
14,41003423444,9183900
14,41005717762,9186660
14,41008012120,9189420
14,41010306477,9192180
14,41012600852,9194940
14,41014895172,9197700
14,41017189528,9200460
14,41019483902,9203220
14,41021778221,9205980
14,41024072580,9208740
14,41026366954,9211500
14,41028661310,9214260
14,41030955631,9217020
14,41033249987,9219780
14,41035544361,9222540
14,41037838681,9225300
14,41040133038,9228060
14,41042427412,9230820
14,41044721731,9233580
14,41047016089,9236340
14,41049310447,9239100
14,41051604821,9241860
14,41053899141,9244620
14,41056193498,9247380
14,41058487871,9250140
14,41060782191,9252900
14,41063076550,9255660
14,41065370923,9258420
14,41067665280,9261180
14,41069959599,9263940
14,41072253958,9266700
14,41074548331,9269460
14,41076842651,9272220
14,41079137008,9274980
14,41081431382,9277740
14,41083725700,9280500
14,41086020060,9283260
14,41088314417,9286020
14,41090608790,9288780
14,41092903110,9291540
14,41095197467,9294300
14,41097491842,9297060
14,41099786161,9299820
14,41102080519,9302580
14,41104374892,9305340
14,41106669250,9308100
14,41108963570,9310860
14,41111257927,9313620
14,41113552301,9316380
14,41115846620,9319140
14,41118140978,9321900
14,41120435353,9324660
14,41122729671,9327420
14,41125024030,9330180
14,41127318387,9332940
14,41129612760,9335700
14,41131907081,9338460
14,41134201437,9341220
14,41136495811,9343980
14,41138790131,9346740
14,41141084489,9349500
14,41143378863,9352260
14,41145673220,9355020
14,41147967540,9357780
14,41150261897,9360540
14,41152556271,9363300
14,41154850589,9366060
14,41157144949,9368820
14,41159439323,9371580
14,41161733641,9374340
14,41164027999,9377100
14,41166322357,9379860
14,41168616731,9382620
14,41170911051,9385380
14,41173205407,9388140
14,41175499781,9390900
14,41177794101,9393660
14,41180088460,9396420
14,41182382833,9399180
14,41184677190,9401940
14,41186971510,9404700
14,41189265867,9407460
14,41191560242,9410220
14,41193854560,9412980
14,41196148919,9415740
14,41198443293,9418500
14,41200737611,9421260
14,41203031970,9424020
14,41205326328,9426780
14,41207620702,9429540
14,41209915021,9432300
14,41212209378,9435060
14,41214503751,9437820
14,41216798072,9440580
14,41219092430,9443340
14,41221386803,9446100
14,41223681160,9448860
14,41225975480,9451620
14,41228269838,9454380
14,41230564212,9457140
14,41232858532,9459900
14,41235152889,9462660
14,41237447263,9465420
14,41239741582,9468180
14,41242035941,9470940
14,41244330298,9473700
14,41246624672,9476460
14,41248918991,9479220
14,41251213350,9481980
14,41253507724,9484740
14,41255802042,9487500
14,41258096400,9490260
14,41260390774,9493020
14,41262685131,9495780
14,41264979452,9498540
14,41267273808,9501300
14,41269568182,9504060
14,41271862503,9506820
14,41274156860,9509580
14,41276451234,9512340
14,41278745553,9515100
14,41281039911,9517860
14,41283334268,9520620
14,41285628642,9523380
14,41287922964,9526140
14,41290217320,9528900
14,41292511694,9531660
14,41294806012,9534420
14,41297100371,9537180
14,41299394746,9539940
14,41301689103,9542700
14,41303983423,9545460
14,41306277780,9548220
14,41308572154,9550980
14,41310866474,9553740
14,41313160831,9556500
14,41315455205,9559260
14,41317749525,9562020
14,41320043882,9564780
14,41322338241,9567540
14,41324632614,9570300
14,41326926934,9573060
14,41329221291,9575820
14,41331515665,9578580
14,41333809984,9581340
14,41336104343,9584100
14,41338398716,9586860
14,41340693073,9589620
14,41342987394,9592380
14,41345281751,9595140
14,41347576126,9597900
14,41349870445,9600660
14,41352164803,9603420
14,41354459176,9606180
14,41356753495,9608940
14,41359047855,9611700
14,41361342229,9614460
14,41363636585,9617220
14,41365930905,9619980
14,41368225262,9622740
14,41370519637,9625500
14,41372813956,9628260
14,41375108315,9631020
14,41377402688,9633780
14,41379697026,9636540
14,41381991365,9639300
14,41384285723,9642060
14,41386580097,9644820
14,41388874417,9647580
14,41391168774,9650340
14,41393463147,9653100
14,41395757468,9655860
14,41398051825,9658620
14,41400346199,9661380
14,41402640557,9664140
14,41404934877,9666900
14,41407229234,9669660
14,41409523608,9672420
14,41411817927,9675180
14,41414112285,9677940
14,41416406659,9680700
14,41418700999,9683460
14,41420995338,9686220
14,41423289694,9688980
14,41425584068,9691740
14,41427878388,9694500
14,41430172746,9697260
14,41432467120,9700020
14,41434761439,9702780
14,41437055798,9705540
14,41439350171,9708300
14,41441644528,9711060
14,41443938849,9713820
14,41446233206,9716580
14,41448527580,9719340
14,41450821900,9722100
14,41453116257,9724860
14,41455410632,9727620
14,41457704969,9730380
14,41459999309,9733140
14,41462293666,9735900
14,41464588040,9738660
14,41466882361,9741420
14,41469176718,9744180
14,41471471092,9746940
14,41473765410,9749700
14,41476059769,9752460
14,41478354144,9755220
14,41480648501,9757980
14,41482942821,9760740
14,41485237178,9763500
14,41487531552,9766260
14,41489825870,9769020
14,41492120230,9771780
14,41494414604,9774540
14,41496708942,9777300
14,41499003282,9780060
14,41501297638,9782820
14,41503592013,9785580
14,41505886332,9788340
14,41508180690,9791100
14,41510475064,9793860
14,41512769383,9796620
14,41515063743,9799380
14,41517358116,9802140
14,41519652473,9804900
14,41521946792,9807660
14,41524241150,9810420
14,41526535525,9813180
14,41528829844,9815940
14,41531124203,9818700
14,41533418577,9821460
14,41535712895,9824220
14,41538007255,9826980
14,41540301611,9829740
14,41542595985,9832500
14,41544890305,9835260
14,41547184663,9838020
14,41549479038,9840780
14,41551773356,9843540
14,41554067715,9846300
14,41556362088,9849060
14,41558656445,9851820
14,41560950767,9854580
14,41563245124,9857340
14,41565539498,9860100
14,41567833816,9862860
14,41570128175,9865620
14,41572422548,9868380
14,41574716868,9871140
14,41577011227,9873900
14,41579305584,9876660
14,41581599958,9879420
14,41583894278,9882180
14,41586188636,9884940
14,41588483010,9887700
14,41590777328,9890460
14,41593071687,9893220
14,41595366061,9895980
14,41597660419,9898740
14,41599954740,9901500
14,41602249096,9904260
14,41604543470,9907020
14,41606837789,9909780
14,41609132148,9912540
14,41611426522,9915300
14,41613720841,9918060
14,41616015200,9920820
14,41618309556,9923580
14,41620603930,9926340
14,41622898251,9929100
14,41625192608,9931860
14,41627486982,9934620
14,41629781302,9937380
14,41632075660,9940140
14,41634370035,9942900
14,41636664392,9945660
14,41638958712,9948420
14,41641253068,9951180
14,41643547442,9953940
14,41645841763,9956700
14,41648136121,9959460
14,41650430495,9962220
14,41652724815,9964980
14,41655019172,9967740
14,41657313531,9970500
14,41659607904,9973260
14,41661902224,9976020
14,41664196582,9978780
14,41666490956,9981540
14,41668785275,9984300
14,41671079634,9987060
14,41673374008,9989820
14,41675668365,9992580
14,41677962684,9995340
14,41680257042,9998100
14,41682551417,10000860
14,41684845736,10003620
14,41687140095,10006380
14,41689434469,10009140
14,41691728787,10011900
14,41694023147,10014660
14,41696317503,10017420
14,41698611877,10020180
14,41700906198,10022940
14,41703200555,10025700
14,41705494930,10028460
14,41707789249,10031220
14,41710083607,10033980
14,41712377981,10036740
14,41714672337,10039500
14,41716966659,10042260
14,41719261016,10045020
14,41721555390,10047780
14,41723849710,10050540
14,41726144068,10053300
14,41728438441,10056060
14,41730732762,10058820
14,41733027119,10061580
14,41735321477,10064340
14,41737615851,10067100
14,41739910171,10069860
14,41742204530,10072620
14,41744498904,10075380
14,41746793222,10078140
14,41749087580,10080900
14,41751381955,10083660
14,41753676312,10086420
14,41755970632,10089180
14,41758264990,10091940
14,41760559364,10094700
14,41762853683,10097460
14,41765148043,10100220
14,41767442416,10102980
14,41769736735,10105740
14,41772031093,10108500
14,41774325450,10111260
14,41776619824,10114020
14,41778914146,10116780
14,41781208503,10119540
14,41783502877,10122300
14,41785797196,10125060
14,41788091554,10127820
14,41790385929,10130580
14,41792680286,10133340
14,41794974606,10136100
14,41797268964,10138860
14,41799563338,10141620
14,41801857658,10144380
14,41804152017,10147140
14,41806446390,10149900
14,41808740709,10152660
14,41811035067,10155420
14,41813329425,10158180
14,41815623799,10160940
14,41817918120,10163700
14,41820212477,10166460
14,41822506851,10169220
14,41824801171,10171980
14,41827095529,10174740
14,41829389903,10177500
14,41831684260,10180260
14,41833978580,10183020
14,41836272937,10185780
14,41838567313,10188540
14,41840861632,10191300
14,41843155990,10194060
14,41845450365,10196820
14,41847744683,10199580
14,41850039042,10202340
14,41852333399,10205100
14,41854627773,10207860
14,41856922093,10210620
14,41859216451,10213380
14,41861510826,10216140
14,41863805146,10218900
14,41866099504,10221660
14,41868393877,10224420
14,41870688216,10227180
14,41872982555,10229940
14,41875276912,10232700
14,41877571287,10235460
14,41879865606,10238220
14,41882159964,10240980
14,41884454339,10243740
14,41886748659,10246500
14,41889043017,10249260
14,41891337374,10252020
14,41893631748,10254780
14,41895926068,10257540
14,41898220426,10260300
14,41900514800,10263060
14,41902809120,10265820
14,41905103478,10268580
14,41907397852,10271340
14,41909692192,10274100
14,41911986530,10276860
14,41914280887,10279620
14,41916575262,10282380
14,41918869580,10285140
14,41921163940,10287900
14,41923458314,10290660
14,41925752633,10293420
14,41928046992,10296180
14,41930341349,10298940
14,41932635723,10301700
14,41934930044,10304460
14,41937224401,10307220
14,41939518775,10309980
14,41941813094,10312740
14,41944107452,10315500
14,41946401827,10318260
14,41948696166,10321020
14,41950990505,10323780
14,41953284863,10326540
14,41955579237,10329300
14,41957873556,10332060
14,41960167915,10334820
14,41962462289,10337580
14,41964756607,10340340
14,41967050966,10343100
14,41969345324,10345860
14,41971639698,10348620
14,41973934019,10351380
14,41976228376,10354140
14,41978522751,10356900
14,41980817069,10359660
14,41983111428,10362420
14,41985405803,10365180
14,41987700140,10367940
14,41989994480,10370700
14,41992288837,10373460
14,41994583212,10376220
14,41996877533,10378980
14,41999171890,10381740
14,42001466264,10384500
14,42003760584,10387260
14,42006054942,10390020
14,42008349300,10392780
14,42010643673,10395540
14,42012937993,10398300
14,42015232351,10401060
14,42017526726,10403820
14,42019821045,10406580
14,42022115404,10409340
14,42024409778,10412100
14,42026704116,10414860
14,42028998457,10417620
14,42031292813,10420380
14,42033587188,10423140
14,42035881507,10425900
14,42038175865,10428660
14,42040470239,10431420
14,42042764559,10434180
14,42045058918,10436940
14,42047353292,10439700
14,42049647649,10442460
14,42051941970,10445220
14,42054236328,10447980
14,42056530701,10450740
14,42058825021,10453500
14,42061119378,10456260
14,42063413752,10459020
14,42065708092,10461780
14,42068002431,10464540
14,42070296789,10467300
14,42072591163,10470060
14,42074885484,10472820
14,42077179841,10475580
14,42079474216,10478340
14,42081768535,10481100
14,42084062893,10483860
14,42086357266,10486620
14,42088651624,10489380
14,42090945945,10492140
14,42093240303,10494900
14,42095534677,10497660
14,42097828996,10500420
14,42100123355,10503180
14,42102417730,10505940
14,42104712050,10508700
14,42107006408,10511460
14,42109300765,10514220
14,42111595139,10516980
14,42113889459,10519740
14,42116183817,10522500
14,42118478191,10525260
14,42120772510,10528020
14,42123066869,10530780
14,42125361243,10533540
14,42127655602,10536300
14,42129949922,10539060
14,42132244279,10541820
14,42134538654,10544580
14,42136832972,10547340
14,42139127332,10550100
14,42141421705,10552860
14,42143716024,10555620
14,42146010383,10558380
14,42148304740,10561140
14,42150599115,10563900
14,42152893436,10566660
14,42155187793,10569420
14,42157482168,10572180
14,42159776487,10574940
14,42162070847,10577700
14,42164365221,10580460
14,42166659577,10583220
14,42168953898,10585980
14,42171248254,10588740
14,42173542628,10591500
14,42175836949,10594260
14,42178131307,10597020
14,42180425682,10599780
14,42182720001,10602540
14,42185014360,10605300
14,42187308718,10608060
14,42189603092,10610820
14,42191897413,10613580
14,42194191770,10616340
14,42196486144,10619100
14,42198780464,10621860
14,42201074822,10624620
14,42203369196,10627380
14,42205663553,10630140
14,42207957874,10632900
14,42210252232,10635660
14,42212546606,10638420
14,42214840926,10641180
14,42217135284,10643940
14,42219429659,10646700
14,42221723978,10649460
14,42224018338,10652220
14,42226312694,10654980
14,42228607068,10657740
14,42230901388,10660500
14,42233195745,10663260
14,42235490121,10666020
14,42237784440,10668780
14,42240078799,10671540
14,42242373173,10674300
14,42244667530,10677060
14,42246961852,10679820
14,42249256209,10682580
14,42251550583,10685340
14,42253844903,10688100
14,42256139261,10690860
14,42258433636,10693620
14,42260727955,10696380
14,42263022313,10699140
14,42265316670,10701900
14,42267611044,10704660
14,42269905366,10707420
14,42272199723,10710180
14,42274494098,10712940
14,42276788417,10715700
14,42279082776,10718460
14,42281377150,10721220
14,42283671508,10723980
14,42285965829,10726740
14,42288260186,10729500
14,42290554561,10732260
14,42292848879,10735020
14,42295143239,10737780
14,42297437612,10740540
14,42299731931,10743300
14,42302026290,10746060
14,42304320647,10748820
14,42306615023,10751580
14,42308909343,10754340
14,42311203701,10757100
14,42313498075,10759860
14,42315792394,10762620
14,42318086754,10765380
14,42320381128,10768140
14,42322675467,10770900
14,42324969806,10773660
14,42327264163,10776420
14,42329558537,10779180
14,42331852856,10781940
14,42334147215,10784700
14,42336441589,10787460
14,42338735909,10790220
14,42341030267,10792980
14,42343324626,10795740
14,42345619000,10798500
14,42347913320,10801260
14,42350207678,10804020
14,42352502052,10806780
14,42354796372,10809540
14,42357090731,10812300
14,42359385105,10815060
14,42361679444,10817820
14,42363973783,10820580
14,42366268140,10823340
14,42368562515,10826100
14,42370856834,10828860
14,42373151192,10831620
14,42375445567,10834380
14,42377739886,10837140
14,42380034246,10839900
14,42382328603,10842660
14,42384622977,10845420
14,42386917298,10848180
14,42389211655,10850940
14,42391506031,10853700
14,42393800350,10856460
14,42396094709,10859220
14,42398389083,10861980
14,42400683421,10864740
14,42402977762,10867500
14,42405272119,10870260
14,42407566493,10873020
14,42409860811,10875780
14,42412155170,10878540
14,42414449544,10881300
14,42416743865,10884060
14,42419038223,10886820
14,42421332581,10889580
14,42423626955,10892340
14,42425921275,10895100
14,42428215634,10897860
14,42430510008,10900620
14,42432804328,10903380
14,42435098686,10906140
14,42437393061,10908900
14,42439687400,10911660
14,42441981740,10914420
14,42444276097,10917180
14,42446570471,10919940
14,42448864790,10922700
14,42451159149,10925460
14,42453453523,10928220
14,42455747842,10930980
14,42458042201,10933740
14,42460336558,10936500
14,42462630933,10939260
14,42464925254,10942020
14,42467219612,10944780
14,42469513986,10947540
14,42471808305,10950300
14,42474102664,10953060
14,42476397039,10955820
14,42478691378,10958580
14,42480985717,10961340
14,42483280075,10964100
14,42485574449,10966860
14,42487868769,10969620
14,42490163128,10972380
14,42492457502,10975140
14,42494751821,10977900
14,42497046179,10980660
14,42499340537,10983420
14,42501634911,10986180
14,42503929232,10988940
14,42506223589,10991700
14,42508517964,10994460
14,42510812283,10997220
14,42513106643,10999980
14,42515401017,11002740
14,42517695356,11005500
14,42519989695,11008260
14,42522284053,11011020
14,42524578428,11013780
14,42526872747,11016540
14,42529167106,11019300
14,42531461480,11022060
14,42533755800,11024820
14,42536050159,11027580
14,42538344517,11030340
14,42540638891,11033100
14,42542933212,11035860
14,42545227568,11038620
14,42547521943,11041380
14,42549816262,11044140
14,42552110621,11046900
14,42554404995,11049660
14,42556699333,11052420
14,42558993673,11055180
14,42561288032,11057940
14,42563582406,11060700
14,42565876725,11063460
14,42568171084,11066220
14,42570465458,11068980
14,42572759779,11071740
14,42575054137,11074500
14,42577348495,11077260
14,42579642869,11080020
14,42581937190,11082780
14,42584231548,11085540
14,42586525923,11088300
14,42588820242,11091060
14,42591114601,11093820
14,42593408975,11096580
14,42595703314,11099340
14,42597997654,11102100
14,42600292012,11104860
14,42602586386,11107620
14,42604880704,11110380
14,42607175063,11113140
14,42609469438,11115900
14,42611763757,11118660
14,42614058115,11121420
14,42616352473,11124180
14,42618646847,11126940
14,42620941169,11129700
14,42623235526,11132460
14,42625529901,11135220
14,42627824220,11137980
14,42630118579,11140740
14,42632412953,11143500
14,42634707293,11146260
14,42637001632,11149020
14,42639295990,11151780
14,42641590364,11154540
14,42643884684,11157300
14,42646179043,11160060
14,42648473417,11162820
14,42650767737,11165580
14,42653062096,11168340
14,42655356453,11171100
14,42657650828,11173860
14,42659945149,11176620
14,42662239507,11179380
14,42664533881,11182140
14,42666828200,11184900
14,42669122560,11187660
14,42671416934,11190420
14,42673711253,11193180
14,42676005611,11195940
14,42678299969,11198700
14,42680594342,11201460
14,42682888664,11204220
14,42685183021,11206980
14,42687477396,11209740
14,42689771715,11212500
14,42692066074,11215260
14,42694360432,11218020
14,42696654807,11220780
14,42698949127,11223540
14,42701243485,11226300
14,42703537859,11229060
14,42705832180,11231820
14,42708126538,11234580
14,42710420913,11237340
14,42712715232,11240100
14,42715009591,11242860
14,42717303949,11245620
14,42719598324,11248380
14,42721892644,11251140
14,42724187002,11253900
14,42726481376,11256660
14,42728775696,11259420
14,42731070055,11262180
14,42733364430,11264940
14,42735658787,11267700
14,42737953108,11270460
14,42740247465,11273220
14,42742541841,11275980
14,42744836160,11278740
14,42747130519,11281500
14,42749424893,11284260
14,42751719213,11287020
14,42754013572,11289780
14,42756307930,11292540
14,42758602304,11295300
14,42760896625,11298060
14,42763190982,11300820
14,42765485357,11303580
14,42767779676,11306340
14,42770074035,11309100
14,42772368409,11311860
14,42774662766,11314620
14,42776957086,11317380
14,42779251445,11320140
14,42781545819,11322900
14,42783840139,11325660
14,42786134497,11328420
14,42788428872,11331180
14,42790723192,11333940
14,42793017551,11336700
14,42795311908,11339460
14,42797606283,11342220
14,42799900603,11344980
14,42802194962,11347740
14,42804489336,11350500
14,42806783656,11353260
14,42809078014,11356020
14,42811372389,11358780
14,42813666727,11361540
14,42815961068,11364300
14,42818255426,11367060
14,42820549800,11369820
14,42822844119,11372580
14,42825138478,11375340
14,42827432853,11378100
14,42829727173,11380860
14,42832021532,11383620
14,42834315889,11386380
14,42836610264,11389140
14,42838904585,11391900
14,42841198943,11394660
14,42843493317,11397420
14,42845787637,11400180
14,42848081995,11402940
14,42850376370,11405700
14,42852670709,11408460
14,42854965049,11411220
14,42857259406,11413980
14,42859553781,11416740
14,42861848100,11419500
14,42864142460,11422260
14,42866436834,11425020
14,42868731154,11427780
14,42871025512,11430540
14,42873319870,11433300
14,42875614245,11436060
14,42877908566,11438820
14,42880202924,11441580
14,42882497298,11444340
14,42884791617,11447100
14,42887085977,11449860
14,42889380351,11452620
14,42891674690,11455380
14,42893969030,11458140
14,42896263387,11460900
14,42898557762,11463660
14,42900852082,11466420
14,42903146441,11469180
14,42905440815,11471940
14,42907735135,11474700
14,42910029493,11477460
14,42912323852,11480220
14,42914618226,11482980
14,42916912547,11485740
14,42919206904,11488500
14,42921501279,11491260
14,42923795598,11494020
14,42926089958,11496780
14,42928384332,11499540
14,42930678671,11502300
14,42932973011,11505060
14,42935267368,11507820
14,42937561744,11510580
14,42939856063,11513340
14,42942150422,11516100
14,42944444796,11518860
14,42946739116,11521620
14,42949033475,11524380
14,42951327833,11527140
14,42953622207,11529900
14,42955916528,11532660
14,42958210886,11535420
14,42960505261,11538180
14,42962799581,11540940
14,42965093939,11543700
14,42967388313,11546460
14,42969682652,11549220
14,42971976993,11551980
14,42974271350,11554740
14,42976565725,11557500
14,42978860044,11560260
14,42981154403,11563020
14,42983448777,11565780
14,42985743098,11568540
14,42988037456,11571300
14,42990331814,11574060
14,42992626188,11576820
14,42994920509,11579580
14,42997214868,11582340
14,42999509242,11585100
14,43001803562,11587860
14,43004097920,11590620
14,43006392295,11593380
14,43008686633,11596140
14,43010980974,11598900
14,43013275332,11601660
14,43015569706,11604420
14,43017864026,11607180
14,43020158384,11609940
14,43022452760,11612700
14,43024747079,11615460
14,43027041438,11618220
14,43029335795,11620980
14,43031630170,11623740
14,43033924491,11626500
14,43036218849,11629260
14,43038513223,11632020
14,43040807543,11634780
14,43043101902,11637540
14,43045396277,11640300
14,43047690616,11643060
14,43049984955,11645820
14,43052279313,11648580
14,43054573687,11651340
14,43056868007,11654100
14,43059162366,11656860
14,43061456741,11659620
14,43063751060,11662380
14,43066045419,11665140
14,43068339777,11667900
14,43070634152,11670660
14,43072928473,11673420
14,43075222830,11676180
14,43077517205,11678940
14,43079811524,11681700
14,43082105884,11684460
14,43084400258,11687220
14,43086694597,11689980
14,43088988937,11692740
14,43091283294,11695500
14,43093577669,11698260
14,43095871989,11701020
14,43098166348,11703780
14,43100460722,11706540
14,43102755042,11709300
14,43105049401,11712060
14,43107343759,11714820
14,43109638134,11717580
14,43111932454,11720340
14,43114226812,11723100
14,43116521186,11725860
14,43118815507,11728620
14,43121109866,11731380
14,43123404240,11734140
14,43125698579,11736900
14,43127992918,11739660
14,43130287277,11742420
14,43132581651,11745180
14,43134875971,11747940
14,43137170329,11750700
14,43139464704,11753460
14,43141759024,11756220
14,43144053383,11758980
14,43146347741,11761740
14,43148642115,11764500
14,43150936436,11767260
14,43153230793,11770020
14,43155525169,11772780
14,43157819489,11775540
14,43160113847,11778300
14,43162408222,11781060
14,43164702560,11783820
14,43166996901,11786580
14,43169291258,11789340
14,43171585633,11792100
14,43173879953,11794860
14,43176174311,11797620
14,43178468686,11800380
14,43180763007,11803140
14,43183057366,11805900
14,43185351723,11808660
14,43187646099,11811420
14,43189940420,11814180
14,43192234778,11816940
14,43194529153,11819700
14,43196823472,11822460
14,43199117831,11825220
14,43201412205,11827980
14,43203706545,11830740
14,43206000885,11833500
14,43208295242,11836260
14,43210589617,11839020
14,43212883936,11841780
14,43215178296,11844540
14,43217472670,11847300
14,43219766990,11850060
14,43222061349,11852820
14,43224355706,11855580
14,43226650081,11858340
14,43228944402,11861100
14,43231238760,11863860
14,43233533134,11866620
14,43235827454,11869380
14,43238121813,11872140
14,43240416188,11874900
14,43242710508,11877660
14,43245004866,11880420
14,43247299224,11883180
14,43249593599,11885940
14,43251887918,11888700
14,43254182278,11891460
14,43256476652,11894220
14,43258770972,11896980
14,43261065331,11899740
14,43263359688,11902500
14,43265654064,11905260
14,43267948384,11908020
14,43270242742,11910780
14,43272537116,11913540
14,43274831437,11916300
14,43277125797,11919060
14,43279420172,11921820
14,43281714492,11924580
14,43284008850,11927340
14,43286303208,11930100
14,43288597584,11932860
14,43290891903,11935620
14,43293186262,11938380
14,43295480636,11941140
14,43297774956,11943900
14,43300069315,11946660
14,43302363673,11949420
14,43304658029,11952180
14,43306952368,11954940
14,43309246726,11957700
14,43311541100,11960460
14,43313835421,11963220
14,43316129780,11965980
14,43318424154,11968740
14,43320718474,11971500
14,43323012833,11974260
14,43325307191,11977020
14,43327601566,11979780
14,43329895885,11982540
14,43332190244,11985300
14,43334484618,11988060
14,43336778938,11990820
14,43339073298,11993580
14,43341367655,11996340
14,43343662012,11999100
14,43345956352,12001860
14,43348250710,12004620
14,43350545086,12007380
14,43352839405,12010140
14,43355133764,12012900
14,43357428138,12015660
14,43359722458,12018420
14,43362016818,12021180
14,43364311175,12023940
14,43366605550,12026700
14,43368899871,12029460
14,43371194228,12032220
14,43373488603,12034980
14,43375782923,12037740
14,43378077282,12040500
14,43380371640,12043260
14,43382665995,12046020
14,43384960335,12048780
14,43387254693,12051540
14,43389549068,12054300
14,43391843388,12057060
14,43394137746,12059820
14,43396432121,12062580
14,43398726441,12065340
14,43401020800,12068100
14,43403315159,12070860
14,43405609533,12073620
14,43407903855,12076380
14,43410198213,12079140
14,43412492588,12081900
14,43414786908,12084660
14,43417081266,12087420
14,43419375641,12090180
14,43421669979,12092940
14,43423964320,12095700
14,43426258678,12098460
14,43428553052,12101220
14,43430847372,12103980
14,43433141731,12106740
14,43435436106,12109500
14,43437730426,12112260
14,43440024784,12115020
14,43442319142,12117780
14,43444613517,12120540
14,43446907838,12123300
14,43449202196,12126060
14,43451496570,12128820
14,43453790891,12131580
14,43456085250,12134340
14,43458379625,12137100
14,43460673965,12139860
14,43462968305,12142620
14,43465262662,12145380
14,43467557037,12148140
14,43469851356,12150900
14,43472145716,12153660
14,43474440091,12156420
14,43476734410,12159180
14,43479028769,12161940
14,43481323127,12164700
14,43483617501,12167460
14,43485911823,12170220
14,43488206181,12172980
14,43490500555,12175740
14,43492794875,12178500
14,43495089233,12181260
14,43497383609,12184020
14,43499677948,12186780
14,43501972288,12189540
14,43504266646,12192300
14,43506561021,12195060
14,43508855342,12197820
14,43511149701,12200580
14,43513444075,12203340
14,43515738395,12206100
14,43518032754,12208860
14,43520327112,12211620
14,43522621487,12214380
14,43524915807,12217140
14,43527210165,12219900
14,43529504540,12222660
14,43531798859,12225420
14,43534093219,12228180
14,43536387594,12230940
14,43538681932,12233700
14,43540976272,12236460
14,43543270631,12239220
14,43545565006,12241980
14,43547859327,12244740
14,43550153686,12247500
14,43552448060,12250260
14,43554742380,12253020
14,43557036739,12255780
14,43559331097,12258540
14,43561625472,12261300
14,43563919792,12264060
14,43566214150,12266820
14,43568508524,12269580
14,43570802845,12272340
14,43573097204,12275100
14,43575391578,12277860
14,43577685917,12280620
14,43579980257,12283380
14,43582274616,12286140
14,43584568991,12288900
14,43586863312,12291660
14,43589157670,12294420
14,43591452045,12297180
14,43593746365,12299940
14,43596040724,12302700
14,43598335082,12305460
14,43600629456,12308220
14,43602923777,12310980
14,43605218135,12313740
14,43607512510,12316500
14,43609806830,12319260
14,43612101189,12322020
14,43614395563,12324780
14,43616689902,12327540
14,43618984244,12330300
14,43621278601,12333060
14,43623572976,12335820
14,43625867297,12338580
14,43628161655,12341340
14,43630456031,12344100
14,43632750351,12346860
14,43635044709,12349620
14,43637339067,12352380
14,43639633441,12355140
14,43641927762,12357900
14,43644222121,12360660
14,43646516495,12363420
14,43648810815,12366180
14,43651105174,12368940
14,43653399548,12371700
14,43655693889,12374460
14,43657988229,12377220
14,43660282587,12379980
14,43662576962,12382740
14,43664871282,12385500
14,43667165641,12388260
14,43669460016,12391020
14,43671754336,12393780
14,43674048694,12396540
14,43676343052,12399300
14,43678637427,12402060
14,43680931748,12404820
14,43683226106,12407580
14,43685520480,12410340
14,43687814801,12413100
14,43690109160,12415860
14,43692403535,12418620
14,43694697875,12421380
14,43696992215,12424140
14,43699286573,12426900
14,43701580947,12429660
14,43703875267,12432420
14,43706169626,12435180
14,43708464001,12437940
14,43710758321,12440700
14,43713052679,12443460
14,43715347037,12446220
14,43717641413,12448980
14,43719935734,12451740
14,43722230092,12454500
14,43724524467,12457260
14,43726818787,12460020
14,43729113147,12462780
14,43731407522,12465540
14,43733701860,12468300
14,43735996200,12471060
14,43738290558,12473820
14,43740584932,12476580
14,43742879253,12479340
14,43745173612,12482100
14,43747467986,12484860
14,43749762307,12487620
14,43752056666,12490380
14,43754351024,12493140
14,43756645400,12495900
14,43758939721,12498660
14,43761234078,12501420
14,43763528453,12504180
14,43765822774,12506940
14,43768117132,12509700
14,43770411507,12512460
14,43772705846,12515220
14,43775000185,12517980
14,43777294544,12520740
14,43779588919,12523500
14,43781883239,12526260
14,43784177598,12529020
14,43786471974,12531780
14,43788766293,12534540
14,43791060653,12537300
14,43793355011,12540060
14,43795649366,12542820
14,43797943706,12545580
14,43800238064,12548340
14,43802532439,12551100
14,43804826759,12553860
14,43807121118,12556620
14,43809415493,12559380
14,43811709813,12562140
14,43814004174,12564900
14,43816298532,12567660
14,43818592906,12570420
14,43820887226,12573180
14,43823181585,12575940
14,43825475959,12578700
14,43827770280,12581460
14,43830064639,12584220
14,43832358996,12586980
14,43834653352,12589740
14,43836947693,12592500
14,43839242051,12595260
14,43841536427,12598020
14,43843830747,12600780
14,43846125105,12603540
14,43848419480,12606300
14,43850713800,12609060
14,43853008160,12611820
14,43855302517,12614580
14,43857596892,12617340
14,43859891212,12620100
14,43862185570,12622860
14,43864479947,12625620
14,43866774267,12628380
14,43869068626,12631140
14,43871362984,12633900
14,43873657340,12636660
14,43875951680,12639420
14,43878246038,12642180
14,43880540413,12644940
14,43882834732,12647700
14,43885129091,12650460
14,43887423466,12653220
14,43889717787,12655980
14,43892012146,12658740
14,43894306505,12661500
14,43896600880,12664260
14,43898895199,12667020
14,43901189559,12669780
14,43903483934,12672540
14,43905778253,12675300
14,43908072612,12678060
14,43910366970,12680820
14,43912661326,12683580
14,43914955667,12686340
14,43917250025,12689100
14,43919544400,12691860
14,43921838720,12694620
14,43924133080,12697380
14,43926427454,12700140
14,43928721774,12702900
14,43931016133,12705660
14,43933310491,12708420
14,43935604865,12711180
14,43937899186,12713940
14,43940193546,12716700
14,43942487920,12719460
14,43944782241,12722220
14,43947076600,12724980
14,43949370959,12727740
14,43951665314,12730500
14,43953959654,12733260
14,43956254012,12736020
14,43958548386,12738780
14,43960842706,12741540
14,43963137067,12744300
14,43965431441,12747060
14,43967725762,12749820
14,43970020121,12752580
14,43972314479,12755340
14,43974608854,12758100
14,43976903174,12760860
14,43979197533,12763620
14,43981491907,12766380
14,43983786227,12769140
14,43986080588,12771900
14,43988374946,12774660
14,43990669302,12777420
14,43992963642,12780180
14,43995258000,12782940
14,43997552374,12785700
14,43999846695,12788460
14,44002141054,12791220
14,44004435428,12793980
14,44006729748,12796740
14,44009024108,12799500
14,44011318467,12802260
14,44013612842,12805020
14,44015907162,12807780
14,44018201521,12810540
14,44020495895,12813300
14,44022790215,12816060
14,44025084575,12818820
14,44027378933,12821580
14,44029673288,12824340
14,44031967629,12827100
14,44034261987,12829860
14,44036556363,12832620
14,44038850683,12835380
14,44041145042,12838140
14,44043439417,12840900
14,44045733736,12843660
14,44048028096,12846420
14,44050322454,12849180
14,44052616829,12851940
14,44054911150,12854700
14,44057205509,12857460
14,44059499885,12860220
14,44061794204,12862980
14,44064088563,12865740
14,44066382921,12868500
14,44068677276,12871260
14,44070971616,12874020
14,44073265976,12876780
14,44075560351,12879540
14,44077854671,12882300
14,44080149030,12885060
14,44082443405,12887820
14,44084737725,12890580
14,44087032084,12893340
14,44089326442,12896100
14,44091620817,12898860
14,44093915138,12901620
14,44096209497,12904380
14,44098503872,12907140
14,44100798193,12909900
14,44103092551,12912660
14,44105386909,12915420
14,44107681265,12918180
14,44109975606,12920940
14,44112269963,12923700
14,44114564338,12926460
14,44116858659,12929220
14,44119153017,12931980
14,44121447394,12934740
14,44123741714,12937500
14,44126036073,12940260
14,44128330430,12943020
14,44130624805,12945780
14,44132919127,12948540
14,44135213486,12951300
14,44137507860,12954060
14,44139802181,12956820
14,44142096540,12959580
14,44144390914,12962340
14,44146685254,12965100
14,44148979594,12967860
14,44151273952,12970620
14,44153568326,12973380
14,44155862647,12976140
14,44158157007,12978900
14,44160451383,12981660
14,44162745702,12984420
14,44165040061,12987180
14,44167334419,12989940
14,44169628793,12992700
14,44171923115,12995460
14,44174217473,12998220
14,44176511849,13000980
14,44178806168,13003740
14,44181100528,13006500
14,44183394904,13009260
14,44185689243,13012020
14,44187983582,13014780
14,44190277940,13017540
14,44192572315,13020300
14,44194866636,13023060
14,44197160995,13025820
14,44199455371,13028580
14,44201749691,13031340
14,44204044050,13034100
14,44206338407,13036860
14,44208632783,13039620
14,44210927104,13042380
14,44213221463,13045140
14,44215515837,13047900
14,44217810158,13050660
14,44220104518,13053420
14,44222398892,13056180
14,44224693231,13058940
14,44226987571,13061700
14,44229281929,13064460
14,44231576305,13067220
14,44233870625,13069980
14,44236164985,13072740
14,44238459360,13075500
14,44240753679,13078260
14,44243048038,13081020
14,44245342397,13083780
14,44247636753,13086540
14,44249931094,13089300
14,44252225451,13092060
14,44254519826,13094820
14,44256814148,13097580
14,44259108507,13100340
14,44261402881,13103100
14,44263697220,13105860
14,44265991560,13108620
14,44268285919,13111380
14,44270580294,13114140
14,44272874615,13116900
14,44275168974,13119660
14,44277463348,13122420
14,44279757668,13125180
14,44282052028,13127940
14,44284346386,13130700
14,44286640742,13133460
14,44288935082,13136220
14,44291229441,13138980
14,44293523817,13141740
14,44295818137,13144500
14,44298112495,13147260
14,44300406870,13150020
14,44302701209,13152780
14,44304995550,13155540
14,44307289908,13158300
14,44309584284,13161060
14,44311878604,13163820
14,44314172963,13166580
14,44316467337,13169340
14,44318761658,13172100
14,44321056018,13174860
14,44323350376,13177620
14,44325644732,13180380
14,44327939072,13183140
14,44330233431,13185900
14,44332527806,13188660
14,44334822125,13191420
14,44337116484,13194180
14,44339410860,13196940
14,44341705199,13199700
14,44343999541,13202460
14,44346293898,13205220
14,44348588273,13207980
14,44350882593,13210740
14,44353176952,13213500
14,44355471328,13216260
14,44357765648,13219020
14,44360060008,13221780
14,44362354366,13224540
14,44364648721,13227300
14,44366943062,13230060
14,44369237420,13232820
14,44371531796,13235580
14,44373826116,13238340
14,44376120475,13241100
14,44378414850,13243860
14,44380709171,13246620
14,44383003530,13249380
14,44385297887,13252140
14,44387592262,13254900
14,44389886583,13257660
14,44392180943,13260420
14,44394475318,13263180
14,44396769638,13265940
14,44399063997,13268700
14,44401358355,13271460
14,44403652711,13274220
14,44405947052,13276980
14,44408241410,13279740
14,44410535786,13282500
14,44412830106,13285260
14,44415124464,13288020
14,44417418840,13290780
14,44419713161,13293540
14,44422007520,13296300
14,44424301878,13299060
14,44426596253,13301820
14,44428890573,13304580
14,44431184933,13307340
14,44433479308,13310100
14,44435773628,13312860
14,44438067987,13315620
14,44440362345,13318380
14,44442656703,13321140
14,44444951043,13323900
14,44447245400,13326660
14,44449539775,13329420
14,44451834096,13332180
14,44454128456,13334940
14,44456422830,13337700
14,44458717151,13340460
14,44461011510,13343220
14,44463305868,13345980
14,44465600243,13348740
14,44467894564,13351500
14,44470188923,13354260
14,44472483298,13357020
14,44474777619,13359780
14,44477071978,13362540
14,44479366336,13365300
14,44481660692,13368060
14,44483955033,13370820
14,44486249391,13373580
14,44488543766,13376340
14,44490838086,13379100
14,44493132446,13381860
14,44495426821,13384620
14,44497721141,13387380
14,44500015500,13390140
14,44502309858,13392900
14,44504604235,13395660
14,44506898555,13398420
14,44509192914,13401180
14,44511487288,13403940
14,44513781609,13406700
14,44516075969,13409460
14,44518370327,13412220
14,44520664684,13414980
14,44522959023,13417740
14,44525253381,13420500
14,44527547756,13423260
14,44529842078,13426020
14,44532136437,13428780
14,44534430812,13431540
14,44536725132,13434300
14,44539019491,13437060
14,44541313850,13439820
14,44543608225,13442580
14,44545902545,13445340
14,44548196905,13448100
14,44550491280,13450860
14,44552785601,13453620
14,44555079959,13456380
14,44557374317,13459140
14,44559668674,13461900
14,44561963014,13464660
14,44564257373,13467420
14,44566551748,13470180
14,44568846068,13472940
14,44571140427,13475700
14,44573434803,13478460
14,44575729123,13481220
14,44578023484,13483980
14,44580317841,13486740
14,44582612216,13489500
14,44584906536,13492260
14,44587200896,13495020
14,44589495271,13497780
14,44591789592,13500540
14,44594083951,13503300
14,44596378309,13506060
14,44598672665,13508820
14,44600967005,13511580
14,44603261364,13514340
14,44605555739,13517100
14,44607850060,13519860
14,44610144419,13522620
14,44612438794,13525380
14,44614733114,13528140
14,44617027474,13530900
14,44619321832,13533660
14,44621616208,13536420
14,44623910528,13539180
14,44626204887,13541940
14,44628499262,13544700
14,44630793583,13547460
14,44633087942,13550220
14,44635382301,13552980
14,44637676656,13555740
14,44639970997,13558500
14,44642265355,13561260
14,44644559731,13564020
14,44646854051,13566780
14,44649148411,13569540
14,44651442786,13572300
14,44653737106,13575060
14,44656031465,13577820
14,44658325824,13580580
14,44660620199,13583340
14,44662914519,13586100
14,44665208879,13588860
14,44667503254,13591620
14,44669797574,13594380
14,44672091934,13597140
14,44674386292,13599900
14,44676680649,13602660
14,44678974989,13605420
14,44681269347,13608180
14,44683563722,13610940
14,44685866683,13612320
14,44693286669,13613700
14,44740948424,13616460
14,44751273018,13621980
14,44754714552,13624740
14,44755861713,13631640
14,44759303251,13637160
14,44760450447,13639920
14,44763891948,13642680
14,44765039128,13645440
14,44768472042,13648200
14,44769619222,13649580
14,44773052081,13653720
14,44774190620,13717200
14,44778779317,13719960
14,44783368034,13722720
14,44787956731,13725480
14,44790251090,13728240
14,44792545465,13729620
14,44809753074,13731000
14,44815488989,13732380
14,44818930489,13733760
14,44824666383,13735140
14,44826960724,13736520
14,44829255082,13737900
14,44831549457,13739280
14,44833843778,13740660
14,44835540374,13742040
14,44837293957,13743420
14,44839588331,13744800
14,44840735473,13746180
14,44848765707,13747560
14,44849912887,13748940
14,44854492981,13758600
14,44869406270,13761360
14,44871700610,13764120
14,44873994951,13766880
14,44876289309,13769640
14,44878583685,13772400
14,44880878005,13775160
14,44883172365,13777920
14,44910704603,13780680
14,44915293303,13783440
14,44917587677,13786200
14,44922176357,13788960
14,44947414257,13791720
14,44954297296,13794480
14,44956591671,13797240
14,44961180352,13800000
14,44992154110,13802760
14,45003625880,13805520
14,45005920220,13808280
14,45011656116,13811040
14,45047218573,13813800
14,45056627980,13816560
14,45058922319,13819320
14,45063511055,13822080
14,45100220674,13824840
14,45132523070,13827600
14,45134817390,13830360
14,45138221609,13833120
14,45148546488,13835880
14,45225634018,13837260
14,45317410586,13848300
14,45357404170,13855200
14,45359698527,13856580
14,45394113807,13859340
14,45399849684,13862100
14,45444589594,13864860
14,45450325453,13867620
14,45490476646,13870380
14,45496212506,13873140
14,45535216504,13875900
14,45542099559,13878660
14,45579956377,13881420
14,45590280971,13884180
14,45637315204,13886940
14,45639609561,13889700
14,45651081316,13892460
14,45690085314,13895220
14,45692379673,13897980
14,45700409908,13900740
14,45742855423,13903500
14,45745149783,13906260
14,45754327198,13909020
14,45799067074,13911780
14,45801361432,13914540
14,45810538865,13917300
14,45854131543,13920060
14,45856425919,13922820
14,45866750476,13925580
14,45911490391,13928340
14,45913784712,13931100
14,45916079071,13933860
14,45925256486,13936620
14,45974585097,13939380
14,45976879418,13942140
14,45979173777,13944900
14,45983762474,13947660
14,46021619314,13950420
14,46023913654,13953180
14,46026208014,13955940
14,46031943889,13958700
14,46073242251,13961460
14,46075536626,13964220
14,46077830947,13966980
14,46084714003,13969740
14,46128306722,13972500
14,46130601079,13975260
14,46132895419,13978020
14,46139778476,13980780
14,46142072835,13983540
14,46191401431,13986300
14,46193695789,13989060
14,46195990130,13991820
14,46204020366,13994580
14,46206314724,13997340
14,46238435687,14000100
14,46240730007,14002860
14,46243024367,14005620
14,46249907423,14008380
14,46252201783,14011140
14,46287764245,14013900
14,46290058604,14016660
14,46292352964,14019420
14,46300383200,14022180
14,46302677557,14024940
14,46340534398,14027700
14,46342828719,14030460
14,46345123078,14033220
14,46354300495,14035980
14,46356594871,14038740
14,46399040375,14041500
14,46401334734,14044260
14,46403629091,14047020
14,46405923430,14049780
14,46416248027,14052540
14,46418542402,14055300
14,46460987907,14058060
14,46463282266,14060820
14,46465576641,14063580
14,46467870964,14066340
14,46477048380,14069100
14,46479342739,14071860
14,46521788259,14074620
14,46524082618,14077380
14,46526376979,14080140
14,46528671336,14082900
14,46537848732,14085660
14,46540143093,14088420
14,46576852737,14091180
14,46579147096,14093940
14,46581441471,14096700
14,46583735793,14099460
14,46594060389,14102220
14,46596354749,14104980
14,46634211573,14107740
14,46636505948,14110500
14,46638800269,14113260
14,46641094631,14116020
14,46652566423,14118780
14,46654860743,14121540
14,46657155104,14124300
14,46727328602,14125680
14,46821416912,14131200
14,46904015862,14133960
14,46905163077,14136720
14,46906301644,14139480
14,46907440210,14142240
14,46908578794,14147760
14,46992033294,14149140
14,47329321621,14150520
14,47330468846,14151900
14,47416509586,14153280
14,47501403102,14154660
14,47502541687,14160180
14,47848999075,14165700
14,48187426054,14171220
14,48274614041,14173980
14,48357213150,14176740
14,48442106706,14179500
14,48529294692,14182260
14,48783975367,14189160
14,48870016145,14191920
14,48957204131,14194680
14,49040950491,14197440
14,49124696873,14200200
14,49208443222,14202960
14,49292189579,14205720
14,49379377587,14208480
14,49635222816,14209860
14,49678849141,14214000
14,49825685724,14219520
14,49879630546,14222280
14,49932376304,14225040
14,49988598283,14227800
14,50000000000,14227800
